0.000000 2.401362e-01 7.353299e-12 2.327589e-07 1.095314e-12 2.500000e-01 5.741132e-12
0.520000 4.052810e-01 6.626339e-12 -5.625328e-08 1.223171e-12 1.572209e-01 5.034282e-12
1.040000 4.162925e-01 4.875725e-12 -4.329187e-08 1.624370e-12 3.040332e-02 3.041589e-12
1.559999 3.274473e-01 3.321233e-12 4.685298e-09 2.330434e-12 4.905813e-04 5.941639e-13
2.079999 2.548398e-01 2.806168e-12 2.955964e-10 2.773799e-12 2.707997e-04 5.506463e-13
2.599998 1.871349e-01 4.537841e-12 -1.561757e-10 1.782004e-12 2.566983e-02 3.104876e-12
3.119998 6.093537e-02 7.147663e-12 -2.096277e-08 1.131131e-12 1.575491e-01 4.838199e-12
3.639997 1.243103e-02 7.599871e-12 7.154469e-08 1.069739e-12 2.862963e-01 6.142602e-12
4.159997 2.000907e-01 6.221759e-12 -1.135000e-07 1.323711e-12 1.725182e-01 5.767540e-12
4.679996 3.257668e-01 5.156237e-12 7.968508e-09 1.561056e-12 3.063971e-02 2.977589e-12
5.199996 3.089505e-01 3.275103e-12 -2.634139e-09 2.407167e-12 4.390882e-04 5.873289e-13
5.719995 2.702261e-01 3.005546e-12 -2.044400e-09 2.645518e-12 3.249295e-04 6.376544e-13
6.239995 2.152485e-01 4.841396e-12 -8.250653e-10 1.711758e-12 2.792684e-02 3.304063e-12
6.759994 7.831644e-02 7.153364e-12 -3.579778e-08 1.235031e-12 1.670093e-01 5.305843e-12
7.279994 7.521507e-03 7.980411e-12 4.989116e-09 1.069973e-12 2.884148e-01 6.291815e-12
7.799993 1.817193e-01 6.860650e-12 2.479992e-08 1.203103e-12 1.588008e-01 5.471222e-12
8.320001 3.054565e-01 4.883546e-12 -1.112717e-08 1.715120e-12 2.465820e-02 3.014155e-12
8.840013 3.008308e-01 2.945526e-12 -7.876820e-10 2.748514e-12 2.110372e-04 4.753310e-13
9.360024 2.741442e-01 3.205546e-12 2.122724e-10 2.528530e-12 6.373344e-04 9.254905e-13
9.880036 2.203886e-01 5.591820e-12 7.357886e-09 1.589252e-12 3.502099e-02 3.399413e-12
10.400048 7.391055e-02 7.936618e-12 5.314931e-08 1.147418e-12 1.852326e-01 5.409225e-12
10.920060 1.108396e-02 8.385140e-12 7.409550e-08 1.125949e-12 2.869065e-01 6.378037e-12
11.440072 1.872261e-01 6.676577e-12 1.864226e-08 1.377587e-12 1.396706e-01 5.594512e-12
11.960084 2.992552e-01 5.237873e-12 -1.495273e-08 1.651589e-12 1.832275e-02 2.598207e-12
12.480096 2.958061e-01 3.121461e-12 -2.205714e-09 2.663424e-12 6.802442e-05 2.814140e-13
13.000108 2.751209e-01 3.416175e-12 4.506498e-09 2.511988e-12 1.269231e-03 1.293649e-12
13.520120 2.167787e-01 6.128104e-12 9.409394e-09 1.601923e-12 4.500153e-02 3.677031e-12
14.040132 6.182375e-02 7.300730e-12 -1.037115e-09 1.224967e-12 2.057728e-01 6.787964e-12
14.560143 1.900602e-02 8.127116e-12 7.471380e-09 1.113096e-12 2.804303e-01 7.141988e-12
15.080155 1.996134e-01 7.430885e-12 -7.472577e-08 1.296116e-12 1.196034e-01 5.017252e-12
15.600167 2.970904e-01 4.832987e-12 1.226175e-08 1.962037e-12 1.288282e-02 2.511224e-12
16.120178 2.927024e-01 3.071575e-12 -4.599267e-10 2.820084e-12 1.196180e-05 1.260683e-13
16.640190 2.749792e-01 4.209942e-12 6.961829e-11 2.201747e-12 2.375293e-03 1.628363e-12
17.160202 2.087752e-01 6.685580e-12 -2.358757e-09 1.440662e-12 5.760470e-02 4.393440e-12
17.680214 4.707583e-02 8.743884e-12 -2.785117e-09 1.077736e-12 2.264987e-01 6.803222e-12
18.200226 3.098979e-02 8.314989e-12 4.873086e-08 1.168882e-12 2.695851e-01 7.717151e-12
18.720238 2.143978e-01 6.229147e-12 7.144993e-08 1.497536e-12 9.975280e-02 6.278956e-12
19.240250 2.961993e-01 4.633994e-12 1.285512e-08 2.102165e-12 8.599053e-03 2.540155e-12
19.760262 2.905344e-01 3.011356e-12 2.078018e-10 3.066104e-12 4.299063e-07 2.841896e-14
20.280273 2.735204e-01 5.083493e-12 1.697858e-09 2.158478e-12 4.150352e-03 1.924301e-12
20.800285 1.968662e-01 5.893726e-12 -2.568046e-08 1.569548e-12 7.271128e-02 6.736932e-12
21.320297 3.225436e-02 1.090181e-11 -2.952632e-08 1.157180e-12 2.458957e-01 6.318427e-12
21.840309 4.666512e-02 1.108425e-11 -5.253950e-08 1.131918e-12 2.548612e-01 6.324626e-12
22.360321 2.289017e-01 6.634849e-12 1.481098e-08 1.502995e-12 8.139126e-02 6.351909e-12
22.880333 2.958761e-01 4.149242e-12 3.498857e-10 2.351506e-12 5.399019e-03 2.853075e-12
23.400345 2.893323e-01 3.373097e-12 1.824636e-10 3.010365e-12 4.677246e-09 3.611342e-15
23.920357 2.712392e-01 6.622807e-12 -8.303100e-09 2.116976e-12 6.827234e-03 2.038921e-12
24.440369 1.818693e-01 8.819620e-12 3.863401e-09 1.463076e-12 9.019688e-02 6.734799e-12
24.960381 1.894975e-02 8.217954e-12 1.540580e-07 1.265625e-12 2.627431e-01 1.161229e-11
25.480392 6.546886e-02 8.271231e-12 -2.096577e-08 1.287571e-12 2.363434e-01 1.110110e-11
26.000404 2.423652e-01 9.676521e-12 2.040343e-08 1.535926e-12 6.475351e-02 4.558861e-12
26.520416 2.954103e-01 3.870877e-12 -2.495901e-09 2.608894e-12 3.157400e-03 3.064377e-12
27.040428 2.881433e-01 3.362944e-12 7.292850e-10 3.558772e-12 3.282300e-06 1.489100e-13
27.560440 2.680494e-01 8.355601e-12 3.864211e-09 1.956124e-12 1.063830e-02 3.043398e-12
28.080452 1.643041e-01 1.462524e-11 2.252645e-08 1.376446e-12 1.098704e-01 5.372282e-12
28.600464 8.575732e-03 1.476540e-11 -6.090507e-08 1.227137e-12 2.762167e-01 1.027276e-11
29.120476 8.675777e-02 1.292956e-11 -2.366928e-09 1.330632e-12 2.151271e-01 1.040894e-11
29.640488 2.543426e-01 1.013644e-11 1.619385e-08 1.761156e-12 5.029408e-02 6.510334e-12
30.160500 2.947331e-01 4.188575e-12 1.850926e-09 3.000335e-12 1.684408e-03 2.878504e-12
30.680511 2.871943e-01 3.596355e-12 5.062810e-11 4.215859e-12 3.544140e-05 8.322749e-13
31.200523 2.627302e-01 6.890627e-12 -1.936042e-08 2.502529e-12 1.587267e-02 8.792660e-12
31.720535 1.444743e-01 9.603192e-12 1.698383e-08 1.822124e-12 1.314804e-01 1.730019e-11
32.240547 2.042353e-03 2.167675e-11 3.657713e-08 1.276726e-12 2.851594e-01 1.181380e-11
32.760559 1.094739e-01 2.242077e-11 -5.055934e-09 1.236885e-12 1.923988e-01 8.363661e-12
33.280571 2.645957e-01 6.030320e-12 -1.501210e-08 2.409108e-12 3.803813e-02 1.392956e-11
33.800583 2.940640e-01 6.199626e-12 -3.142578e-09 3.054689e-12 7.936803e-04 2.029329e-12
34.320595 2.860023e-01 3.401927e-12 9.722501e-10 5.794730e-12 1.570566e-04 3.182991e-12
34.840607 2.561902e-01 5.644563e-12 8.131161e-09 3.275368e-12 2.281883e-02 1.956191e-11
35.360619 1.231490e-01 1.576737e-11 -2.985579e-08 1.961483e-12 1.545923e-01 2.577354e-11
35.880630 1.427653e-05 9.837771e-12 8.125959e-08 1.912406e-12 2.892307e-01 3.768655e-11
36.400642 1.327210e-01 8.745250e-12 5.950227e-09 2.158334e-12 1.688762e-01 3.290881e-11
36.920654 2.726864e-01 1.022611e-11 9.413347e-09 2.750328e-12 2.792183e-02 1.577418e-11
37.440666 2.928525e-01 9.786493e-12 1.735479e-10 3.113621e-12 3.127427e-04 1.119153e-12
37.960678 2.852063e-01 3.701327e-12 4.331012e-09 8.175017e-12 4.653625e-04 9.369889e-12
38.480690 2.476112e-01 2.406307e-11 -2.939022e-08 3.000164e-12 3.170823e-02 2.109549e-11
39.000702 1.012420e-01 6.070557e-11 -4.406077e-08 1.297949e-12 1.783735e-01 7.224684e-12
39.520714 2.851549e-03 6.572756e-11 -1.145934e-07 1.195295e-12 2.883745e-01 1.075389e-11
40.040726 1.559594e-01 3.807656e-11 -4.185549e-08 1.945470e-12 1.451856e-01 2.460841e-11
40.560738 2.790183e-01 3.181721e-11 -1.911753e-09 2.194089e-12 1.981148e-02 6.965906e-12
41.080750 2.921015e-01 1.591637e-11 2.283662e-10 3.042016e-12 9.202105e-05 5.572679e-13
41.600761 2.841648e-01 8.589733e-12 4.871636e-09 1.118295e-11 1.094193e-03 2.143358e-11
42.120773 2.371217e-01 7.384671e-11 3.968187e-09 1.748321e-12 4.272355e-02 5.670351e-12
42.640785 7.923666e-02 2.866777e-11 7.634649e-08 3.612153e-12 2.019719e-01 8.068630e-11
43.160797 1.058511e-02 4.347756e-11 -3.344909e-08 3.044591e-12 2.821009e-01 7.743565e-11
43.680809 1.779509e-01 8.617208e-11 -3.482176e-08 1.786581e-12 1.225289e-01 1.600282e-11
44.200821 2.840045e-01 5.477234e-11 1.895905e-10 2.512501e-12 1.353554e-02 7.351007e-12
44.720833 2.911595e-01 2.469635e-11 8.885637e-10 4.376096e-12 1.555808e-05 5.569753e-13
45.240845 2.824536e-01 3.504317e-11 -5.375847e-09 1.225128e-11 2.212623e-03 3.480700e-11
45.760857 2.239045e-01 7.977747e-11 1.942424e-08 4.628957e-12 5.610030e-02 5.519566e-11
46.280869 5.817555e-02 7.804422e-11 2.705252e-08 4.520792e-12 2.245933e-01 1.187992e-10
46.800880 2.294030e-02 7.160852e-11 -1.726848e-08 4.487733e-12 2.708070e-01 1.315160e-10
47.320892 1.986515e-01 2.484364e-11 1.748405e-08 7.155912e-12 1.011099e-01 1.341256e-10
47.840904 2.876311e-01 5.187759e-11 6.175564e-09 8.152655e-12 8.828232e-03 4.303259e-11
48.360916 2.903144e-01 3.703590e-11 3.421001e-10 1.015173e-11 5.810469e-07 4.062239e-13
48.880928 2.803546e-01 1.166957e-10 -8.669262e-09 8.884586e-12 4.028173e-03 3.148416e-11
49.400940 2.086762e-01 1.127727e-11 -2.558622e-08 1.391968e-11 7.181718e-02 2.380280e-10
49.920952 3.905490e-02 3.308395e-10 -1.265536e-08 1.845909e-12 2.451169e-01 2.788122e-11
50.440964 3.937123e-02 3.376560e-10 -7.751019e-08 1.676591e-12 2.556653e-01 2.705533e-11
50.960976 2.173507e-01 9.198965e-11 -3.634168e-08 9.207537e-12 8.185349e-02 1.659354e-10
51.480988 2.897583e-01 2.255690e-11 -4.125482e-10 2.305973e-11 5.452352e-03 1.099117e-10
52.000999 2.895780e-01 5.291196e-11 3.764589e-10 2.759996e-11 3.420395e-09 1.021005e-13
52.521011 2.775525e-01 2.750019e-10 9.935984e-09 2.941169e-12 6.773158e-03 6.872279e-12
53.041023 1.909073e-01 2.923010e-10 1.078738e-08 1.083935e-11 8.988589e-02 2.090741e-10
53.561035 2.293007e-02 4.371121e-11 -6.536087e-08 1.682383e-11 2.627428e-01 5.724543e-10
54.081047 5.912201e-02 5.134215e-11 -1.420993e-10 1.723737e-11 2.363773e-01 5.526063e-10
54.601059 2.334490e-01 4.413111e-10 5.333305e-09 2.321225e-12 6.468827e-02 1.877666e-11
55.121071 2.909215e-01 1.446500e-11 -7.797272e-09 4.367751e-11 3.139429e-03 1.652924e-10
55.641083 2.889335e-01 6.730520e-11 8.310165e-10 7.270207e-11 3.400629e-06 8.956328e-12
56.161095 2.733955e-01 3.965913e-10 9.831034e-12 1.620294e-11 1.069814e-02 1.034060e-10
56.681107 1.713535e-01 8.773209e-10 -2.166501e-08 3.714851e-12 1.103186e-01 5.650163e-11
57.201118 1.058716e-02 8.261984e-10 -9.928892e-09 1.013328e-11 2.764651e-01 3.456256e-10
57.721130 8.126485e-02 6.905974e-10 -9.765392e-08 1.278551e-11 2.148399e-01 3.902064e-10
58.241142 2.475182e-01 4.614316e-10 -1.028354e-08 2.219127e-11 4.987998e-02 3.219949e-10
58.761154 2.915353e-01 1.013438e-10 -1.706094e-09 5.906615e-11 1.647953e-03 1.647778e-10
59.281166 2.883503e-01 6.672266e-11 -8.380499e-10 1.722752e-10 3.755112e-05 7.221963e-11
59.801178 2.675698e-01 2.150567e-10 3.300842e-08 8.296077e-11 1.609867e-02 7.169454e-10
60.321190 1.497846e-01 2.655305e-10 1.470064e-08 5.658732e-11 1.323568e-01 1.403767e-09
60.841202 2.780873e-03 1.408281e-09 -4.203216e-08 2.021471e-11 2.853566e-01 7.046399e-10
61.361214 1.048493e-01 1.560513e-09 1.613248e-08 1.424044e-11 1.914113e-01 3.916311e-10
61.881226 2.590341e-01 5.688462e-11 1.387029e-08 8.747480e-11 3.751491e-02 1.165106e-09
62.401237 2.918155e-01 3.512557e-10 1.087531e-09 5.549788e-11 7.629354e-04 1.054943e-10
62.921249 2.875124e-01 3.454920e-11 5.466949e-10 3.644565e-10 1.668570e-04 3.250918e-10
63.441261 2.604799e-01 1.139397e-10 -3.885236e-08 1.759168e-10 2.319534e-02 1.858106e-09
63.961273 1.270463e-01 1.244214e-09 2.615567e-08 7.517954e-11 1.558594e-01 2.060299e-09
64.481186 2.566762e-06 3.356664e-10 1.966918e-08 9.095352e-11 2.892702e-01 3.394812e-09
65.001099 1.289829e-01 9.362036e-11 -2.697081e-08 1.112949e-10 1.673520e-01 3.148253e-09
65.521011 2.686822e-01 7.191258e-10 3.343727e-08 1.104584e-10 2.735072e-02 1.272974e-09
66.040924 2.913083e-01 8.146517e-10 -8.631901e-10 3.151859e-11 2.929928e-04 3.599852e-11
66.560837 2.867862e-01 5.497550e-11 -2.160407e-09 6.700355e-10 4.933409e-04 1.032456e-09
67.080750 2.514763e-01 2.467880e-09 1.889914e-08 1.430246e-10 3.232062e-02 1.794643e-09
67.600662 1.038331e-01 6.156877e-09 6.535996e-09 7.941981e-12 1.797514e-01 1.923145e-10
68.120575 2.468934e-03 6.951316e-09 1.116752e-07 6.583115e-12 2.882176e-01 2.145644e-10
68.640488 1.528705e-01 4.143980e-09 -3.367844e-08 6.401224e-11 1.435610e-01 1.690678e-09
69.160400 2.759039e-01 3.319512e-09 2.131211e-08 3.101705e-11 1.929692e-02 2.953216e-10
69.680313 2.911335e-01 1.538769e-09 1.878122e-09 3.194102e-11 8.296350e-05 1.772612e-11
70.200226 2.857737e-01 7.388228e-10 2.718505e-09 1.014261e-09 1.155251e-03 2.400385e-09
70.720139 2.399888e-01 8.162089e-09 2.440241e-09 1.040124e-11 4.361909e-02 1.270416e-10
71.240051 8.074179e-02 1.581170e-09 -5.241698e-08 3.126570e-10 2.038046e-01 9.738762e-09
71.759964 1.009754e-02 2.864584e-09 -1.417672e-08 2.628825e-10 2.813015e-01 9.604231e-09
72.279877 1.755785e-01 8.740277e-09 4.358177e-08 8.125538e-11 1.207006e-01 1.882462e-09
72.799789 2.813352e-01 5.734393e-09 -7.725733e-09 9.989300e-11 1.310799e-02 7.548796e-10
73.319702 2.905867e-01 2.592919e-09 3.222433e-10 2.198620e-10 1.295187e-05 5.225329e-11
73.839615 2.841773e-01 4.223080e-09 -9.495590e-10 1.122859e-09 2.329710e-03 3.785490e-09
74.359528 2.263740e-01 7.502348e-09 -2.274407e-08 4.585613e-10 5.730787e-02 7.515641e-09
74.879440 5.898395e-02 1.108969e-08 1.015752e-08 3.342484e-10 2.263599e-01 1.112489e-08
75.399353 2.252775e-02 1.039195e-08 4.918492e-08 3.417266e-10 2.697117e-01 1.241976e-08
75.919266 1.967428e-01 1.126547e-09 3.739089e-10 7.518441e-10 9.948649e-02 1.640806e-08
76.439178 2.853820e-01 4.883216e-09 4.349117e-09 8.740546e-10 8.485294e-03 5.527364e-09
76.959091 2.900687e-01 4.056644e-09 5.804239e-10 1.031391e-09 3.633301e-07 4.206782e-11
77.479004 2.819418e-01 1.476972e-08 2.109671e-09 6.431132e-10 4.225353e-03 2.938439e-09
77.998917 2.105636e-01 7.567741e-10 7.591258e-09 1.536869e-09 7.329109e-02 2.885994e-08
78.518829 3.934330e-02 3.698329e-08 -6.360263e-08 1.533483e-10 2.468847e-01 5.092435e-09
79.038742 3.913872e-02 3.780546e-08 -1.792856e-09 1.479753e-10 2.539071e-01 4.976054e-09
79.558655 2.157239e-01 1.361940e-08 2.462937e-08 8.387703e-10 8.011622e-02 1.661402e-08
80.078568 2.879794e-01 1.427685e-09 -2.537636e-10 2.711893e-09 5.196724e-03 1.352922e-08
80.598480 2.895935e-01 5.872782e-09 6.611475e-10 3.484100e-09 1.414964e-08 2.829597e-11
81.118393 2.788767e-01 3.398247e-08 -1.070987e-08 6.675518e-11 7.080085e-03 3.640297e-10
81.638306 1.922589e-01 4.237621e-08 -4.939792e-09 9.176902e-10 9.179337e-02 1.947685e-08
82.158218 2.286066e-02 1.445169e-09 3.082316e-08 2.074380e-09 2.643670e-01 7.377300e-08
82.678131 5.911463e-02 1.843334e-09 1.792818e-08 2.129358e-09 2.344240e-01 7.133091e-08
83.198044 2.322283e-01 5.532457e-08 -4.161881e-08 6.300753e-11 6.318358e-02 1.025996e-09
83.717957 2.898528e-01 1.678006e-09 8.659211e-09 5.125299e-09 2.960267e-03 1.938913e-08
84.237869 2.891573e-01 7.388445e-09 8.768765e-10 9.695258e-09 4.628613e-06 1.429807e-09
84.757782 2.746018e-01 4.552004e-08 -3.548589e-09 2.351606e-09 1.116423e-02 1.691373e-08
85.277695 1.719371e-01 1.044443e-07 -2.748944e-09 5.608906e-10 1.123115e-01 1.261226e-08
85.797607 1.037103e-02 1.226160e-07 -4.278552e-08 6.987702e-10 2.773972e-01 2.589551e-08
86.317520 8.149503e-02 1.046595e-07 1.353035e-08 9.900116e-10 2.126572e-01 3.205350e-08
86.837433 2.464468e-01 4.750811e-08 7.187774e-09 3.297519e-09 4.857929e-02 4.974796e-08
87.357346 2.906152e-01 1.497116e-08 5.338691e-09 6.622089e-09 1.533660e-03 1.811775e-08
87.877258 2.887439e-01 6.696064e-09 1.307263e-09 2.342490e-08 4.489854e-05 1.078858e-08
88.397171 2.690533e-01 1.845198e-08 7.223658e-09 1.154928e-08 1.672381e-02 1.027699e-07
88.917084 1.498336e-01 1.598132e-08 -5.956806e-08 7.909981e-09 1.347586e-01 2.000424e-07
89.436996 2.603438e-03 1.420870e-07 -3.629662e-08 3.506643e-09 2.862605e-01 1.282728e-07
89.956909 1.052586e-01 1.725695e-07 -5.794355e-08 2.613174e-09 1.891313e-01 7.730006e-08
90.476822 2.579841e-01 3.035654e-09 -1.790183e-08 1.148997e-08 3.635717e-02 1.513843e-07
90.996735 2.909404e-01 4.983707e-08 4.486161e-09 5.524273e-09 6.970983e-04 1.025936e-08
91.516647 2.880037e-01 2.345869e-09 4.100554e-10 4.964842e-08 1.897560e-04 4.706385e-08
92.036560 2.613695e-01 2.500753e-08 7.069293e-09 2.247033e-08 2.405278e-02 2.409644e-07
92.556473 1.266347e-01 2.223950e-07 -2.456590e-09 7.903090e-09 1.582268e-01 2.186946e-07
93.076385 4.138012e-07 8.921027e-08 1.990081e-08 1.086989e-08 2.897042e-01 4.052309e-07
93.596298 1.296801e-01 1.053603e-08 4.424565e-08 1.473078e-08 1.649639e-01 4.131543e-07
94.116211 2.678124e-01 1.208115e-07 -3.115110e-10 1.245302e-08 2.639436e-02 1.408483e-07
94.636124 2.906730e-01 1.128125e-07 -6.717379e-10 2.241469e-09 2.602786e-04 2.555506e-09
95.156036 2.874027e-01 9.797941e-09 2.337173e-09 9.045063e-08 5.455216e-04 1.456221e-07
95.675949 2.517272e-01 3.899131e-07 8.013881e-09 1.507516e-08 3.344025e-02 1.918121e-07
96.195862 1.030306e-01 7.899365e-07 -1.796710e-08 2.153396e-09 1.825495e-01 6.146337e-08
96.715775 2.739088e-03 9.495755e-07 -5.909950e-08 4.247095e-10 2.877489e-01 1.490414e-08
97.235687 1.534003e-01 6.508816e-07 -1.884528e-08 5.231800e-09 1.410359e-01 1.377065e-07
97.755600 2.751909e-01 4.709844e-07 -1.587296e-09 1.910110e-09 1.854440e-02 1.837506e-08
98.275513 2.906910e-01 2.106713e-07 2.388907e-09 4.257830e-09 7.010365e-05 2.338297e-09
98.795425 2.864129e-01 1.258785e-07 4.965004e-09 1.337126e-07 1.258086e-03 3.272268e-07
99.315338 2.404467e-01 1.111377e-06 2.876648e-08 1.573540e-09 4.499020e-02 2.187231e-08
99.835251 7.972943e-02 8.414506e-08 -1.681640e-08 4.703220e-08 2.061243e-01 1.468349e-06
100.355164 1.069814e-02 1.886851e-07 4.007198e-08 4.137853e-08 2.804005e-01 1.504856e-06
100.875076 1.763074e-01 1.043280e-06 -1.166113e-09 1.714068e-08 1.181912e-01 4.003386e-07
101.394989 2.807353e-01 7.373691e-07 -7.346923e-09 1.931774e-08 1.251115e-02 1.459444e-07
101.914902 2.903124e-01 3.533407e-07 1.009725e-09 3.713069e-08 9.834064e-06 7.821582e-09
102.434814 2.848492e-01 6.698463e-07 -2.336291e-09 1.398793e-07 2.502856e-03 4.843210e-07
102.954727 2.262049e-01 8.001803e-07 2.742167e-08 7.778337e-08 5.901777e-02 1.291955e-06
103.474640 5.772349e-02 2.017161e-06 1.334584e-08 3.348434e-08 2.287160e-01 1.112144e-06
103.994553 2.348066e-02 1.954515e-06 -2.219923e-08 3.470767e-08 2.683063e-01 1.248030e-06
104.514465 1.971126e-01 4.882226e-08 -5.489882e-09 1.099890e-07 9.715921e-02 2.357547e-06
105.034378 2.844492e-01 5.515116e-07 4.212938e-09 1.398518e-07 8.051035e-03 8.584704e-07
105.554291 2.899407e-01 5.507813e-07 7.767414e-10 1.683333e-07 1.756808e-07 4.784876e-09
106.074203 2.826267e-01 2.227977e-06 -1.706947e-08 6.657774e-08 4.499292e-03 3.111167e-07
106.594116 2.099457e-01 2.479251e-07 -1.366437e-09 2.124294e-07 7.535390e-02 4.013503e-06
107.114029 3.812324e-02 4.570067e-06 2.047367e-08 3.991234e-08 2.490231e-01 1.350620e-06
107.633942 4.040103e-02 4.686141e-06 5.342668e-08 3.906187e-08 2.519279e-01 1.328367e-06
108.153854 2.161849e-01 2.470179e-06 -5.546569e-08 9.368385e-08 7.808776e-02 1.814814e-06
108.673767 2.875423e-01 1.053681e-07 1.859277e-08 4.006772e-07 4.883513e-03 1.924581e-06
109.193680 2.895907e-01 7.888818e-07 7.805085e-10 5.545182e-07 5.143036e-08 8.564922e-09
109.713593 2.794420e-01 4.849034e-06 -7.232181e-09 1.196802e-08 7.484332e-03 6.800301e-08
110.233505 1.912570e-01 7.105779e-06 2.376400e-08 8.777483e-08 9.410830e-02 1.870220e-06
110.753418 2.177348e-02 2.721269e-07 -6.633740e-08 2.983218e-07 2.658146e-01 1.057589e-05
111.273331 6.061722e-02 1.915671e-07 -3.712278e-08 3.098783e-07 2.321724e-01 1.025892e-05
111.793243 2.327053e-01 7.847460e-06 -3.697910e-09 1.525252e-08 6.128277e-02 2.491767e-07
112.313156 2.892247e-01 3.391256e-07 5.138186e-10 7.161473e-07 2.751978e-03 2.590275e-06
112.833069 2.892614e-01 9.604458e-07 6.817744e-10 1.518559e-06 6.554426e-06 2.653774e-07
113.352982 2.750586e-01 5.881097e-06 5.188914e-09 4.308531e-07 1.172626e-02 3.177011e-06
113.872894 1.706660e-01 1.367198e-05 1.785615e-08 1.437287e-07 1.148532e-01 3.300208e-06
114.392807 9.565826e-03 2.015120e-05 6.413444e-09 4.369726e-08 2.790773e-01 1.613396e-06
114.912720 8.323690e-02 1.759924e-05 -2.272967e-08 7.593941e-08 2.098922e-01 2.424883e-06
115.432632 2.468443e-01 5.303272e-06 -1.548767e-08 5.819252e-07 4.694627e-02 8.611431e-06
115.952545 2.900580e-01 2.550587e-06 7.691323e-09 8.683872e-07 1.406219e-03 2.252715e-06
116.472458 2.889344e-01 7.840001e-07 1.138806e-09 3.623140e-06 5.505617e-05 1.837640e-06
116.992371 2.690779e-01 1.595027e-06 2.873664e-09 1.827237e-06 1.750805e-02 1.654900e-05
117.512283 1.483553e-01 6.616539e-07 4.931786e-09 1.236819e-06 1.375879e-01 3.142847e-05
118.032196 2.179321e-03 1.446599e-05 8.373625e-08 6.854705e-07 2.869656e-01 2.506040e-05
118.552109 1.070926e-01 2.019034e-05 -3.966659e-08 5.535896e-07 1.861960e-01 1.626029e-05
119.072021 2.584256e-01 5.161475e-07 -2.681620e-09 1.697854e-06 3.501673e-02 2.181378e-05
119.591934 2.904643e-01 7.902117e-06 3.407830e-09 6.424410e-07 6.258316e-04 1.118784e-06
120.111847 2.882164e-01 1.734710e-07 9.605982e-10 7.574442e-06 2.191695e-04 7.673189e-06
120.631760 2.612936e-01 6.126164e-06 2.003134e-08 3.179111e-06 2.507272e-02 3.456927e-05
121.151672 1.247944e-01 4.263180e-05 3.286067e-08 8.656026e-07 1.611447e-01 2.398691e-05
121.671585 2.685055e-05 2.341219e-05 -5.963694e-08 1.375970e-06 2.896802e-01 5.094549e-05
122.191498 1.315138e-01 4.239084e-06 4.540165e-08 2.120119e-06 1.620064e-01 5.855914e-05
122.711411 2.677321e-01 2.198192e-05 -2.397120e-08 1.547295e-06 2.531340e-02 1.699856e-05
123.231323 2.903314e-01 1.731887e-05 4.957423e-09 1.847096e-07 2.263152e-04 1.940134e-07
123.751236 2.877267e-01 2.110717e-06 3.186399e-09 1.353381e-05 6.103294e-04 2.290245e-05
124.271149 2.514876e-01 6.715710e-05 7.674179e-09 1.684484e-06 3.468650e-02 2.166617e-05
124.791061 1.009787e-01 1.080665e-04 1.946009e-08 6.759907e-07 1.854174e-01 1.966789e-05
125.310974 3.251182e-03 1.376484e-04 -2.151916e-08 2.056637e-07 2.870370e-01 7.356230e-06
125.830887 1.551635e-01 1.090755e-04 2.196218e-08 3.965033e-07 1.381144e-01 1.025689e-05
126.350800 2.748545e-01 7.295491e-05 3.559506e-09 1.139487e-07 1.769884e-02 1.052292e-06
126.870712 2.903962e-01 3.184360e-05 3.965359e-09 7.816172e-07 5.766246e-05 3.933346e-07
127.390625 2.866642e-01 2.308258e-05 2.734529e-09 1.937401e-05 1.377363e-03 4.930083e-05
127.910538 2.395951e-01 1.637917e-04 -2.488160e-08 5.505871e-07 4.658594e-02 7.944796e-06
128.430634 7.763914e-02 2.756643e-06 6.000996e-08 7.485713e-06 2.089684e-01 2.341126e-04
128.950745 1.168494e-02 8.951710e-06 -4.124095e-08 6.829407e-06 2.790237e-01 2.466514e-04
129.470856 1.776891e-01 1.328310e-04 -8.825213e-09 3.643052e-06 1.154305e-01 8.413586e-05
129.990967 2.802087e-01 1.042698e-04 1.378689e-08 3.860750e-06 1.187047e-02 2.848522e-05
130.511078 2.900780e-01 5.304393e-05 9.071192e-09 6.519068e-06 7.092250e-06 1.169444e-06
131.031189 2.850977e-01 1.135851e-04 2.795558e-08 1.903753e-05 2.702683e-03 6.798684e-05
131.551300 2.250386e-01 8.875364e-05 -6.625221e-09 1.378422e-05 6.078103e-02 2.316999e-04
132.071411 5.571745e-02 3.718422e-04 7.867611e-08 3.329919e-06 2.310945e-01 1.104014e-04
132.591522 2.486715e-02 3.658801e-04 3.916072e-09 3.552896e-06 2.659074e-01 1.263744e-04
133.111633 1.984690e-01 4.168981e-06 2.360357e-08 1.704170e-05 9.455338e-02 3.585300e-04
133.631744 2.842312e-01 7.095178e-05 2.622117e-08 2.336254e-05 7.588648e-03 1.387458e-04
134.151855 2.896958e-01 8.253822e-05 2.880661e-08 2.759748e-05 6.710586e-08 4.823129e-07
134.671967 2.825263e-01 3.560826e-04 1.207217e-07 7.515326e-06 4.802263e-03 3.596523e-05
135.192078 2.082047e-01 7.289871e-05 1.121930e-07 3.092432e-05 7.733478e-02 5.884758e-04
135.712189 3.630665e-02 5.890291e-04 1.676784e-07 9.117662e-06 2.505307e-01 3.097575e-04
136.232300 4.204808e-02 6.134310e-04 1.383756e-07 8.796971e-06 2.488161e-01 2.977380e-04
136.752411 2.168794e-01 4.316037e-04 5.318860e-08 1.173818e-05 7.568755e-02 2.222954e-04
137.272522 2.868509e-01 1.085293e-05 9.268295e-08 6.280489e-05 4.569412e-03 2.901260e-04
137.792633 2.893254e-01 1.187296e-04 9.073771e-08 8.582880e-05 1.408921e-07 2.202941e-06
138.312744 2.788201e-01 7.283301e-04 4.932728e-07 2.839215e-06 7.908045e-03 1.677742e-05
138.832855 1.888930e-01 1.176391e-03 4.258664e-07 8.978099e-06 9.602824e-02 1.917809e-04
139.352966 2.030403e-02 1.010999e-04 3.628857e-07 4.389234e-05 2.661908e-01 1.547800e-03
139.873077 6.229735e-02 6.049579e-05 2.742813e-07 4.640445e-05 2.281601e-01 1.515168e-03
140.393188 2.326330e-01 1.169420e-03 3.574444e-07 3.085884e-06 5.921201e-02 5.002307e-05
140.913300 2.883258e-01 4.534983e-05 3.691546e-07 1.117893e-04 2.551256e-03 3.863341e-04
141.433411 2.888909e-01 1.485649e-04 2.773202e-07 2.198124e-04 8.988740e-06 4.498147e-05
141.953522 2.736507e-01 8.233473e-04 1.828510e-06 6.934884e-05 1.225514e-02 5.201007e-04
142.473633 1.674851e-01 1.881126e-03 1.322477e-06 2.684806e-05 1.164022e-01 6.195913e-04
142.993744 8.586281e-03 3.069551e-03 1.407485e-06 3.906875e-06 2.769598e-01 1.422313e-04
143.513855 8.443914e-02 2.642593e-03 9.073925e-07 9.660334e-06 2.049946e-01 3.016678e-04
144.033966 2.455536e-01 8.302273e-04 1.225578e-06 8.388208e-05 4.516020e-02 1.211424e-03
144.554077 2.889956e-01 2.941025e-04 1.236532e-06 1.520096e-04 1.289343e-03 3.735037e-04
145.074188 2.881230e-01 1.404168e-04 8.286210e-07 4.765233e-04 6.552763e-05 2.631838e-04
145.594299 2.663072e-01 2.233275e-04 6.004074e-06 2.541901e-04 1.804807e-02 2.316512e-03
146.114410 1.441938e-01 7.821764e-05 3.845782e-06 1.736202e-04 1.376918e-01 4.382103e-03
146.634521 1.770234e-03 2.090998e-03 3.985665e-06 9.391304e-05 2.818473e-01 3.383198e-03
147.154633 1.070835e-01 3.171411e-03 2.377759e-06 6.532395e-05 1.803373e-01 1.879318e-03
147.674744 2.557209e-01 5.292087e-05 4.469001e-06 2.448783e-04 3.351162e-02 3.052441e-03
148.194855 2.890071e-01 7.776577e-04 4.020916e-06 1.795339e-04 5.676889e-04 2.918969e-04
148.714966 2.867469e-01 7.431936e-05 2.532962e-06 8.561763e-04 2.433909e-04 9.103776e-04
149.235077 2.562858e-01 5.067663e-04 1.741613e-05 4.059766e-04 2.542465e-02 4.387949e-03
149.755188 1.197631e-01 4.441680e-03 1.020990e-05 1.318968e-04 1.588764e-01 3.580892e-03
150.275299 8.734396e-05 1.628598e-03 1.099610e-05 2.016557e-04 2.804054e-01 7.261925e-03
150.795410 1.293130e-01 1.269874e-04 5.855351e-06 2.785274e-04 1.553371e-01 7.464039e-03
151.315521 2.633051e-01 1.106234e-03 1.396596e-05 3.264581e-04 2.414330e-02 3.449388e-03
151.835632 2.885523e-01 1.354905e-03 1.188180e-05 2.227261e-04 2.037108e-04 2.146675e-04
152.355743 2.846525e-01 4.281984e-05 7.944360e-06 1.197589e-03 6.464443e-04 2.070810e-03
152.875854 2.441378e-01 4.669604e-03 4.091234e-05 2.665793e-04 3.450306e-02 3.354621e-03
153.395966 9.594759e-02 1.138299e-02 2.246306e-05 1.510078e-05 1.794211e-01 4.129437e-04
153.916077 3.420623e-03 1.268659e-02 2.526891e-05 1.361457e-05 2.737157e-01 4.690283e-04
154.436188 1.505658e-01 5.499342e-03 1.219254e-05 2.019329e-04 1.314227e-01 4.964961e-03
154.956299 2.688622e-01 4.005978e-03 3.508397e-05 2.391463e-04 1.686637e-02 2.101074e-03
155.476410 2.880358e-01 1.727872e-03 2.857791e-05 3.106647e-04 5.197469e-05 1.483361e-04
155.996521 2.824669e-01 2.354742e-04 2.169722e-05 1.209448e-03 1.408062e-03 3.073331e-03
156.516632 2.316606e-01 9.105149e-03 6.778380e-05 3.452192e-05 4.561212e-02 4.830467e-04
157.036743 7.379300e-02 3.502448e-03 3.926095e-05 3.110198e-04 2.002457e-01 9.370958e-03
157.556854 1.133652e-02 6.719572e-03 4.731366e-05 2.153803e-04 2.647571e-01 7.442365e-03
158.076965 1.709850e-01 1.140227e-02 2.063735e-05 1.573367e-05 1.100135e-01 3.244979e-04
158.597076 2.736757e-01 6.112021e-03 6.401481e-05 7.413423e-05 1.141500e-02 5.265021e-04
159.117188 2.878728e-01 1.700019e-03 5.109952e-05 3.673515e-04 6.567695e-06 6.101522e-05
159.637299 2.808217e-01 7.413727e-04 4.499561e-05 8.727685e-04 2.698928e-03 3.046473e-03
160.157410 2.190561e-01 6.778126e-03 7.533642e-05 1.067003e-04 5.921456e-02 1.672044e-03
160.677521 5.360050e-02 2.394621e-03 6.148012e-05 2.913933e-04 2.219661e-01 9.253968e-03
161.197632 2.383464e-02 1.426038e-03 6.962287e-05 3.083515e-04 2.547052e-01 1.045480e-02
161.717743 1.914406e-01 5.247747e-03 3.232487e-05 2.215941e-04 9.123766e-02 4.433296e-03
162.237854 2.784298e-01 5.195616e-03 8.063811e-05 7.451739e-05 7.427244e-03 4.077788e-04
162.757965 2.880056e-01 1.425390e-03 7.222789e-05 3.206584e-04 7.763042e-08 5.438176e-06
163.278076 2.790267e-01 1.717206e-03 7.239915e-05 4.497848e-04 4.723623e-03 2.059682e-03
163.798187 2.043243e-01 1.712183e-03 5.712050e-05 2.843366e-04 7.530838e-02 5.134001e-03
164.318298 3.578675e-02 8.411814e-03 9.021709e-05 4.182591e-05 2.424814e-01 1.329577e-03
164.838409 4.024136e-02 8.170015e-03 8.086296e-05 4.691181e-05 2.413709e-01 1.503471e-03
165.358521 2.110296e-01 1.022914e-03 5.301255e-05 3.238120e-04 7.423623e-02 5.852042e-03
165.878632 2.824888e-01 2.679049e-03 7.168997e-05 2.879774e-04 4.566768e-03 1.267769e-03
166.398743 2.880434e-01 1.143344e-03 9.277381e-05 3.183992e-04 1.303384e-07 7.153715e-06
166.918854 2.760986e-01 2.935659e-03 9.414319e-05 1.561454e-04 7.700131e-03 9.032128e-04
167.438965 1.865549e-01 3.061257e-03 3.694958e-05 1.784939e-04 9.343029e-02 3.614537e-03
167.959076 2.063902e-02 2.528171e-03 1.117417e-04 1.772708e-04 2.590502e-01 5.859383e-03
168.479187 5.962236e-02 2.885808e-03 8.623974e-05 1.715920e-04 2.235267e-01 5.273116e-03
168.999298 2.275933e-01 3.914533e-03 7.495919e-05 1.231192e-04 5.881285e-02 1.953541e-03
169.519409 2.852580e-01 9.932785e-04 5.669759e-05 5.088708e-04 2.604041e-03 1.701256e-03
170.039520 2.877352e-01 9.230600e-04 1.089734e-04 5.204562e-04 7.956906e-06 9.497890e-05
170.559631 2.713012e-01 3.083104e-03 1.047001e-04 1.777266e-04 1.183244e-02 1.239420e-03
171.079742 1.662477e-01 6.031834e-03 4.163025e-05 8.073817e-05 1.128968e-01 1.709526e-03
171.599854 9.167209e-03 6.522409e-03 1.098913e-04 9.143107e-05 2.698689e-01 3.118120e-03
172.119965 8.087295e-02 4.993767e-03 1.007098e-04 1.306744e-04 2.019222e-01 3.834936e-03
172.640076 2.404476e-01 4.259137e-03 8.552653e-05 1.533026e-04 4.528756e-02 2.074942e-03
173.160187 2.866535e-01 6.922783e-04 6.180259e-05 6.273350e-04 1.348610e-03 1.509179e-03
173.680298 2.868755e-01 7.242656e-04 1.125655e-04 9.484121e-04 5.821860e-05 4.683797e-04
174.200409 2.638864e-01 1.419373e-03 1.141009e-04 5.204446e-04 1.728062e-02 4.370766e-03
174.720520 1.436507e-01 1.667750e-03 6.769600e-05 3.623761e-04 1.328674e-01 8.391202e-03
175.240631 2.295431e-03 7.522091e-03 9.894501e-05 1.512928e-04 2.742203e-01 4.962439e-03
175.760742 1.022329e-01 9.134727e-03 1.183065e-04 8.992282e-05 1.781520e-01 2.338517e-03
176.280853 2.502621e-01 1.600915e-03 9.622135e-05 4.852670e-04 3.390123e-02 5.735988e-03
176.800964 2.869683e-01 1.157258e-03 8.262823e-05 7.046121e-04 6.146110e-04 1.138647e-03
177.321075 2.853158e-01 5.310964e-04 1.082993e-04 1.449097e-03 2.165784e-04 1.376023e-03
177.841187 2.537571e-01 9.497859e-04 1.395881e-04 7.744767e-04 2.417064e-02 7.676176e-03
178.361298 1.198869e-01 5.675543e-03 9.674975e-05 3.413961e-04 1.526989e-01 8.510905e-03
178.881409 1.578382e-04 1.631611e-03 1.099287e-04 4.287074e-04 2.728087e-01 1.424476e-02
179.401520 1.232674e-01 2.465243e-03 1.239710e-04 4.603859e-04 1.541377e-01 1.148685e-02
179.921631 2.578989e-01 1.074921e-03 1.303492e-04 7.287336e-04 2.469604e-02 7.358164e-03
180.441742 2.867994e-01 1.681793e-03 9.872214e-05 8.251434e-04 2.328678e-04 8.118613e-04
180.961853 2.833674e-01 4.405219e-04 1.254284e-04 1.693996e-03 5.767901e-04 2.613381e-03
181.481964 2.425417e-01 5.303495e-03 1.726531e-04 5.353236e-04 3.272507e-02 6.136680e-03
182.002075 9.739092e-02 1.598672e-02 1.405554e-04 4.663120e-05 1.728560e-01 1.214784e-03
182.522186 2.741637e-03 1.489938e-02 1.354646e-04 1.232116e-04 2.681601e-01 4.075199e-03
183.042297 1.444368e-01 4.172644e-03 1.352664e-04 4.766370e-04 1.317921e-01 1.103398e-02
183.562408 2.645080e-01 3.680069e-03 1.786410e-04 6.147941e-04 1.753627e-02 5.208379e-03
184.082520 2.867615e-01 1.936166e-03 1.159857e-04 8.997704e-04 6.541809e-05 4.626825e-04
184.602631 2.815757e-01 6.198337e-04 1.878206e-04 1.526672e-03 1.261939e-03 3.473693e-03
185.122742 2.316938e-01 1.021840e-02 1.828359e-04 1.460486e-04 4.329801e-02 1.871896e-03
185.642853 7.652523e-02 7.594899e-03 2.186889e-04 3.248071e-04 1.941079e-01 8.872543e-03
186.162964 9.733848e-03 1.243739e-02 1.379866e-04 1.850588e-04 2.621011e-01 5.811865e-03
186.683075 1.653337e-01 1.265338e-02 1.809433e-04 1.032729e-04 1.118216e-01 2.174670e-03
187.203186 2.706007e-01 6.534450e-03 2.110477e-04 2.641192e-04 1.210391e-02 1.845047e-03
187.723297 2.869569e-01 2.013028e-03 1.597644e-04 7.481249e-04 1.034178e-05 1.511433e-04
188.243408 2.796499e-01 1.377983e-03 2.569911e-04 1.133500e-03 2.422235e-03 3.642788e-03
188.763519 2.197636e-01 8.741304e-03 1.863690e-04 1.692789e-04 5.601442e-02 2.484698e-03
189.283630 5.664518e-02 2.874183e-03 3.045785e-04 4.238466e-04 2.150478e-01 1.248038e-02
189.803741 2.105068e-02 2.149335e-03 1.413783e-04 4.303815e-04 2.529308e-01 1.375641e-02
190.323853 1.851451e-01 8.783291e-03 2.334668e-04 2.296489e-04 9.346558e-02 4.319551e-03
190.843964 2.754611e-01 6.580655e-03 2.401936e-04 1.511974e-04 8.029629e-03 8.949150e-04
191.364075 2.870881e-01 1.978202e-03 2.129477e-04 5.485023e-04 3.492268e-07 2.093558e-05
191.884186 2.767734e-01 3.272815e-03 3.008090e-04 6.576328e-04 4.225721e-03 3.107079e-03
192.404297 2.045731e-01 3.080979e-03 2.165991e-04 4.341159e-04 7.061177e-02 8.334981e-03
192.924408 3.865613e-02 1.286305e-02 3.447634e-04 9.526229e-05 2.330254e-01 3.359311e-03
193.444519 3.586545e-02 1.087102e-02 1.863387e-04 1.321042e-04 2.387089e-01 5.269665e-03
193.964630 2.031008e-01 3.105483e-03 2.458245e-04 4.732898e-04 7.626354e-02 8.847527e-03
194.484741 2.787628e-01 4.872942e-03 3.206001e-04 3.596358e-04 5.048812e-03 1.784030e-03
195.004852 2.869088e-01 1.972978e-03 2.233776e-04 5.424203e-04 3.501425e-08 1.526525e-05
195.524963 2.695970e-01 8.833578e-03 3.450294e-04 2.933429e-04 6.786159e-03 2.368546e-03
196.045074 1.824848e-01 3.479954e-03 3.422012e-04 3.503737e-04 8.516861e-02 1.540743e-02
196.565186 2.270838e-02 1.697065e-02 4.339784e-04 2.151193e-04 2.407367e-01 7.563544e-03
197.085297 5.222184e-02 1.446489e-02 3.042003e-04 1.964816e-04 2.145181e-01 9.492579e-03
197.605408 2.148407e-01 7.863865e-03 2.726408e-04 3.340274e-04 5.926120e-02 9.379008e-03
198.125519 2.785607e-01 4.697542e-03 5.042665e-04 6.441621e-04 2.906086e-03 3.622415e-03
198.645630 2.850065e-01 2.604644e-03 2.462883e-04 1.023826e-03 4.496742e-06 5.923238e-04
199.165741 2.531479e-01 2.208885e-02 7.225710e-04 2.734497e-04 1.004994e-02 1.896093e-03
199.685852 1.497082e-01 2.053138e-02 1.384596e-03 2.442868e-04 9.558403e-02 2.003562e-02
200.205963 9.779444e-03 2.525242e-02 1.763386e-03 7.598081e-04 2.280309e-01 2.321880e-02
200.726074 6.788852e-02 2.296843e-02 1.407752e-03 9.106348e-04 1.755033e-01 2.246805e-02
201.246185 2.157377e-01 1.660509e-02 8.762390e-04 1.726554e-03 4.168240e-02 1.508064e-02
201.766296 2.720691e-01 9.103451e-03 1.135586e-03 1.625123e-03 1.395444e-03 5.361849e-03
202.286407 2.750010e-01 5.223513e-03 7.520632e-04 3.135277e-03 5.066335e-05 5.131727e-03
202.806519 2.227631e-01 3.469661e-02 2.669357e-03 1.273055e-03 1.370626e-02 1.305926e-02
203.326630 1.084438e-01 4.913448e-02 5.596459e-03 1.370151e-03 9.753551e-02 2.591567e-02
203.846741 4.587271e-03 3.921690e-02 6.690568e-03 2.407907e-03 1.918663e-01 4.428393e-02
204.366852 8.345362e-02 3.627685e-02 6.321004e-03 5.613151e-03 1.250934e-01 3.427433e-02
204.886963 2.080388e-01 2.757485e-02 4.704207e-03 7.057039e-03 2.464032e-02 1.931890e-02
205.407074 2.546913e-01 1.753207e-02 3.335540e-03 9.537080e-03 4.709811e-04 4.785168e-03
205.927185 2.443111e-01 1.450134e-02 3.369675e-03 1.025281e-02 3.587772e-04 1.630960e-02
206.447296 1.809042e-01 3.140935e-02 8.150922e-03 6.660132e-03 1.849939e-02 4.248087e-02
206.967407 7.061941e-02 4.836655e-02 1.631605e-02 6.763416e-03 9.533527e-02 5.070451e-02
207.487518 1.044206e-02 6.274454e-02 1.908783e-02 9.812433e-03 1.489014e-01 3.875075e-02
208.007629 1.014403e-01 4.646158e-02 1.498793e-02 1.417041e-02 7.823882e-02 3.560699e-02
208.527740 1.987778e-01 3.437062e-02 9.550135e-03 1.886654e-02 1.160519e-02 1.771566e-02
209.047852 2.314142e-01 2.618983e-02 7.081346e-03 2.162260e-02 1.027186e-04 3.550877e-03
209.567963 2.037490e-01 3.032004e-02 1.003512e-02 1.980917e-02 1.616220e-03 2.339732e-02
210.088074 1.381137e-01 4.583664e-02 2.005876e-02 1.581074e-02 2.683513e-02 4.162579e-02
210.608185 4.302061e-02 6.029551e-02 3.056772e-02 1.566067e-02 9.413751e-02 4.497978e-02
211.128296 2.999549e-02 6.099803e-02 2.963440e-02 1.785032e-02 1.097371e-01 4.169368e-02
211.648407 1.195376e-01 5.338072e-02 2.112653e-02 2.256245e-02 4.365478e-02 3.052727e-02
212.168518 1.883375e-01 4.167875e-02 1.395056e-02 2.703520e-02 4.677418e-03 1.480619e-02
212.688629 2.081243e-01 3.482106e-02 1.291178e-02 3.045068e-02 1.407374e-04 3.192160e-03
213.208740 1.761706e-01 4.549114e-02 1.813111e-02 2.483767e-02 4.973314e-03 1.920442e-02
213.728851 1.077058e-01 6.196648e-02 2.736232e-02 1.881301e-02 3.780223e-02 3.478381e-02
214.248962 3.298024e-02 6.780471e-02 3.303591e-02 1.801050e-02 8.988971e-02 4.722992e-02
214.769073 5.102053e-02 6.733201e-02 2.842892e-02 2.196798e-02 8.099759e-02 4.037042e-02
215.289185 1.290610e-01 5.432488e-02 2.444519e-02 2.468677e-02 2.751946e-02 3.054594e-02
215.809296 1.854112e-01 4.334972e-02 1.835024e-02 2.951229e-02 2.325669e-03 1.128693e-02
216.329407 1.948480e-01 3.625401e-02 1.891466e-02 3.333084e-02 4.807633e-04 5.607251e-03
216.849518 1.542308e-01 5.381589e-02 2.368878e-02 2.642312e-02 8.324848e-03 2.226702e-02
217.369629 8.659855e-02 6.213133e-02 3.027861e-02 2.225470e-02 4.140267e-02 4.584377e-02
217.889740 3.091560e-02 7.408183e-02 3.310893e-02 2.082397e-02 8.021535e-02 4.999591e-02
218.409851 6.082385e-02 7.199133e-02 2.939007e-02 2.204628e-02 6.178582e-02 4.408817e-02
218.929962 1.362643e-01 5.991471e-02 2.388522e-02 2.617661e-02 1.699004e-02 2.724670e-02
219.450073 1.806356e-01 4.297935e-02 2.238430e-02 3.342899e-02 1.023947e-03 9.576677e-03
219.970184 1.807658e-01 4.192511e-02 2.166061e-02 3.398452e-02 6.196115e-04 1.036156e-02
220.490295 1.363073e-01 6.052880e-02 2.650173e-02 2.675220e-02 9.410979e-03 2.924108e-02
221.010406 6.876614e-02 7.329062e-02 3.314442e-02 2.287430e-02 4.196430e-02 4.863565e-02
221.530518 3.088828e-02 7.723574e-02 3.494054e-02 2.242345e-02 6.880023e-02 5.503098e-02
222.050629 7.467768e-02 7.269788e-02 3.112233e-02 2.543378e-02 4.363015e-02 4.258721e-02
222.570740 1.405290e-01 5.482928e-02 2.806856e-02 3.243322e-02 9.435575e-03 2.498578e-02
223.090851 1.774532e-01 4.223221e-02 2.426433e-02 3.839471e-02 3.708075e-04 7.117514e-03
223.610962 1.652827e-01 4.748130e-02 2.647846e-02 3.557327e-02 1.090505e-03 1.327065e-02
224.131073 1.189147e-01 5.846416e-02 3.407810e-02 3.059435e-02 1.322816e-02 3.341936e-02
224.651184 5.636988e-02 7.425636e-02 3.933442e-02 2.674926e-02 4.752389e-02 4.459094e-02
225.171295 3.649827e-02 7.626596e-02 3.959896e-02 2.814305e-02 6.318353e-02 4.582655e-02
225.691406 9.046713e-02 6.735450e-02 3.379348e-02 3.223402e-02 3.172575e-02 3.459939e-02
226.211517 1.465059e-01 5.437329e-02 2.986327e-02 3.784747e-02 5.004683e-03 1.654113e-02
226.731628 1.684047e-01 4.486009e-02 2.752562e-02 4.314734e-02 1.958001e-04 5.501172e-03
227.251740 1.479734e-01 5.452941e-02 3.082861e-02 3.847826e-02 2.155764e-03 1.509695e-02
227.771851 1.023800e-01 6.636216e-02 3.705774e-02 3.207304e-02 1.859786e-02 3.226491e-02
228.291962 5.148692e-02 7.262231e-02 4.067544e-02 3.134314e-02 5.127883e-02 4.153229e-02
228.812073 4.670349e-02 7.360250e-02 4.065266e-02 3.343932e-02 5.619382e-02 3.905030e-02
229.332184 9.877566e-02 6.546533e-02 3.594830e-02 3.712364e-02 2.433824e-02 2.844893e-02
229.852295 1.430658e-01 5.663689e-02 3.243437e-02 4.068870e-02 3.561225e-03 1.362511e-02
230.372406 1.577107e-01 5.016104e-02 2.978025e-02 4.503202e-02 2.641826e-04 6.582648e-03
230.892517 1.381475e-01 5.489249e-02 3.384887e-02 4.315075e-02 3.083835e-03 1.589366e-02
231.412628 9.631035e-02 6.664713e-02 3.840893e-02 3.795924e-02 2.082582e-02 2.861071e-02
231.932739 5.157568e-02 7.264517e-02 4.096374e-02 3.669063e-02 5.010780e-02 3.698887e-02
232.452850 4.982562e-02 7.323977e-02 4.077521e-02 3.782112e-02 5.205170e-02 3.588904e-02
232.972961 9.668013e-02 6.782572e-02 3.566079e-02 4.083739e-02 2.254467e-02 2.648751e-02
233.493073 1.366383e-01 5.909153e-02 3.241979e-02 4.459742e-02 3.325504e-03 1.385613e-02
234.013184 1.519356e-01 5.298440e-02 3.026971e-02 4.758605e-02 4.080959e-04 6.312967e-03
234.533295 1.312670e-01 6.056862e-02 3.525225e-02 4.446526e-02 3.539598e-03 1.395561e-02
235.053406 9.374744e-02 7.135018e-02 3.744423e-02 3.931142e-02 1.911072e-02 2.784394e-02
235.573517 5.194799e-02 7.715237e-02 4.069168e-02 3.769666e-02 4.412636e-02 3.736744e-02
236.093628 5.268066e-02 8.010944e-02 3.888013e-02 3.707954e-02 4.583272e-02 3.496208e-02
236.613739 9.129909e-02 6.910928e-02 3.711730e-02 4.275258e-02 2.179148e-02 2.784263e-02
237.133850 1.299343e-01 6.066430e-02 3.332802e-02 4.511750e-02 4.207061e-03 1.661112e-02
237.653961 1.423043e-01 5.528301e-02 3.350658e-02 4.898708e-02 7.928071e-04 8.626832e-03
238.174072 1.291009e-01 6.042520e-02 3.477199e-02 4.626802e-02 3.542066e-03 1.498546e-02
238.694183 9.413860e-02 7.197416e-02 3.871704e-02 4.188288e-02 1.540004e-02 2.676839e-02
239.214294 5.934282e-02 7.750806e-02 3.884260e-02 4.004760e-02 3.655857e-02 3.667900e-02
239.734406 5.238189e-02 7.824706e-02 3.818041e-02 3.983304e-02 4.342097e-02 3.731133e-02
240.254517 8.389086e-02 7.262807e-02 3.839261e-02 4.343626e-02 2.385139e-02 2.763224e-02
240.774628 1.227184e-01 6.514580e-02 3.554610e-02 4.619608e-02 5.279291e-03 1.495853e-02
241.294739 1.385453e-01 5.868008e-02 3.450108e-02 4.937066e-02 1.026691e-03 7.397016e-03
241.814850 1.279969e-01 6.121285e-02 3.424658e-02 4.836477e-02 3.075912e-03 1.421229e-02
242.334961 9.525745e-02 7.364008e-02 3.705020e-02 4.390281e-02 1.400179e-02 2.502112e-02
242.855072 5.679469e-02 7.791080e-02 4.041638e-02 4.363709e-02 3.615320e-02 3.402515e-02
243.375183 4.920926e-02 7.756682e-02 4.100623e-02 4.327465e-02 4.184430e-02 3.646297e-02
243.895294 8.530741e-02 7.484969e-02 3.713678e-02 4.542222e-02 2.091110e-02 2.616281e-02
244.415405 1.201081e-01 6.556936e-02 3.505383e-02 4.988671e-02 4.378709e-03 1.477507e-02
244.935516 1.345448e-01 5.989693e-02 3.534725e-02 5.148289e-02 6.290952e-04 7.565735e-03
245.455627 1.246584e-01 6.241549e-02 3.469104e-02 5.183892e-02 3.135162e-03 1.234842e-02
245.975739 8.845132e-02 7.329831e-02 3.953085e-02 4.745906e-02 1.625494e-02 2.388861e-02
246.495850 5.223303e-02 7.883363e-02 4.243532e-02 4.583270e-02 3.520299e-02 3.442372e-02
247.015961 5.024824e-02 8.178888e-02 4.175821e-02 4.664678e-02 3.503494e-02 3.393076e-02
247.536072 8.308152e-02 7.723505e-02 3.800457e-02 4.906776e-02 1.597477e-02 2.636120e-02
248.056183 1.148111e-01 6.691626e-02 3.630604e-02 5.379116e-02 3.132467e-03 1.473349e-02
248.576294 1.287814e-01 6.181662e-02 3.552819e-02 5.633939e-02 4.617716e-04 6.492914e-03
249.096405 1.170786e-01 6.798271e-02 3.665168e-02 5.385384e-02 3.575410e-03 9.927575e-03
249.616516 8.270188e-02 7.506978e-02 3.965923e-02 5.116010e-02 1.674914e-02 2.352232e-02
250.136627 5.190231e-02 8.329013e-02 4.084886e-02 4.772179e-02 3.260669e-02 3.263538e-02
250.656738 5.053835e-02 8.417989e-02 4.111964e-02 4.884855e-02 3.097655e-02 3.371047e-02
251.176849 8.060881e-02 7.922780e-02 3.774418e-02 5.032189e-02 1.419718e-02 2.756566e-02
251.696960 1.113835e-01 6.902838e-02 3.617091e-02 5.506793e-02 2.769970e-03 1.521754e-02
252.217072 1.266917e-01 6.462804e-02 3.469326e-02 5.708305e-02 3.541126e-04 5.954018e-03
252.737183 1.161688e-01 6.772370e-02 3.463179e-02 5.666314e-02 3.127207e-03 1.074578e-02
253.257294 7.995909e-02 7.852463e-02 3.961172e-02 5.236156e-02 1.477443e-02 2.362830e-02
253.777405 4.972368e-02 8.533690e-02 4.082188e-02 4.932605e-02 2.916306e-02 3.461431e-02
254.297516 4.984983e-02 8.742259e-02 4.026425e-02 4.792922e-02 2.784393e-02 3.603631e-02
254.817627 7.752908e-02 8.280688e-02 3.871994e-02 5.016990e-02 1.347759e-02 2.694014e-02
255.337738 1.077885e-01 7.066374e-02 3.684995e-02 5.650846e-02 2.923832e-03 1.488750e-02
255.857849 1.212625e-01 6.638583e-02 3.574868e-02 5.862091e-02 2.748610e-04 7.105280e-03
256.377655 1.103146e-01 7.103286e-02 3.796909e-02 5.643199e-02 2.059894e-03 1.127871e-02
256.897369 8.168490e-02 7.770562e-02 4.007092e-02 5.302003e-02 1.046448e-02 2.595210e-02
257.417084 5.227498e-02 8.530563e-02 4.258517e-02 5.099142e-02 2.290107e-02 3.488487e-02
257.936798 4.896566e-02 8.781006e-02 4.122640e-02 5.104592e-02 2.546181e-02 3.476064e-02
258.456512 7.206012e-02 8.057213e-02 3.982628e-02 5.489335e-02 1.451815e-02 2.767928e-02
258.976227 1.005153e-01 7.447700e-02 3.902455e-02 5.743088e-02 3.696204e-03 1.446841e-02
259.495941 1.162531e-01 6.914681e-02 3.717579e-02 5.977819e-02 2.946826e-04 6.757924e-03
260.015656 1.090561e-01 7.113201e-02 3.719751e-02 5.973386e-02 1.047793e-03 1.095380e-02
260.535370 8.470546e-02 7.863346e-02 3.929874e-02 5.654732e-02 6.813337e-03 2.292151e-02
261.055084 5.486497e-02 8.597181e-02 4.365158e-02 5.259344e-02 1.869961e-02 3.313951e-02
261.574799 4.612985e-02 8.884383e-02 4.363084e-02 5.444925e-02 2.428149e-02 3.187015e-02
262.094513 6.626505e-02 8.343921e-02 4.226144e-02 5.574013e-02 1.517214e-02 2.661724e-02
262.614227 9.439391e-02 7.389617e-02 4.095568e-02 6.069486e-02 4.137686e-03 1.547616e-02
263.133942 1.126919e-01 7.030354e-02 3.792597e-02 6.180269e-02 3.057764e-04 6.380366e-03
263.653656 1.066635e-01 7.132217e-02 3.910632e-02 6.169217e-02 6.998607e-04 9.666696e-03
264.173370 8.502933e-02 8.099544e-02 4.100737e-02 5.770349e-02 4.755380e-03 1.945858e-02
264.693085 5.761481e-02 8.643935e-02 4.474504e-02 5.557402e-02 1.547892e-02 2.907636e-02
265.212799 4.687935e-02 8.844639e-02 4.500713e-02 5.531163e-02 2.313987e-02 3.038359e-02
265.732513 6.156392e-02 8.484009e-02 4.507114e-02 5.580865e-02 1.592013e-02 2.624154e-02
266.252228 9.040342e-02 7.722159e-02 4.189735e-02 5.957456e-02 4.388790e-03 1.605446e-02
266.771942 1.085878e-01 6.949503e-02 3.959995e-02 6.423604e-02 3.516061e-04 7.132324e-03
267.291656 1.056995e-01 7.092691e-02 3.950566e-02 6.369717e-02 3.808035e-04 8.945629e-03
267.811371 8.581888e-02 7.929917e-02 4.298012e-02 5.938631e-02 3.738763e-03 1.773541e-02
268.331085 6.156115e-02 8.452285e-02 4.559882e-02 5.696494e-02 1.419531e-02 2.607568e-02
268.850800 4.831316e-02 8.564267e-02 4.614237e-02 5.712851e-02 2.309508e-02 2.878882e-02
269.370514 6.145438e-02 8.384232e-02 4.549219e-02 5.796065e-02 1.667414e-02 2.397895e-02
269.890228 8.871984e-02 7.789178e-02 4.215381e-02 6.008296e-02 4.869965e-03 1.579257e-02
270.409943 1.051109e-01 7.137543e-02 4.055900e-02 6.431080e-02 4.849517e-04 7.554370e-03
270.929657 1.054308e-01 7.316913e-02 4.067603e-02 6.285844e-02 3.133263e-04 6.728661e-03
271.449371 8.658051e-02 7.817093e-02 4.454193e-02 6.013419e-02 3.537573e-03 1.599564e-02
271.969086 6.283560e-02 8.134204e-02 4.693186e-02 5.861449e-02 1.321779e-02 2.596468e-02
272.488800 4.895096e-02 8.852611e-02 4.763623e-02 5.579911e-02 2.089104e-02 2.729954e-02
273.008514 6.070349e-02 8.489931e-02 4.618816e-02 5.786774e-02 1.496985e-02 2.470474e-02
273.528229 8.469220e-02 7.883462e-02 4.311794e-02 6.154839e-02 4.984280e-03 1.627436e-02
274.047943 1.015407e-01 7.388614e-02 4.107146e-02 6.351005e-02 6.958544e-04 8.664556e-03
274.567657 1.014069e-01 7.111796e-02 4.304760e-02 6.522246e-02 4.724275e-04 7.898928e-03
275.087372 8.731028e-02 8.025198e-02 4.426696e-02 5.968741e-02 2.879968e-03 1.462104e-02
275.607086 6.799900e-02 8.573290e-02 4.460360e-02 5.728426e-02 9.682489e-03 2.365725e-02
276.126801 5.385730e-02 8.642693e-02 4.537345e-02 5.873603e-02 1.634903e-02 2.829563e-02
276.646515 5.805911e-02 8.632972e-02 4.494296e-02 5.899460e-02 1.419967e-02 2.671758e-02
277.166229 7.689382e-02 8.057173e-02 4.446866e-02 6.124867e-02 5.982752e-03 2.020449e-02
277.685944 9.623100e-02 7.454889e-02 4.277491e-02 6.390785e-02 9.901281e-04 1.091282e-02
278.205658 1.006772e-01 7.201878e-02 4.373945e-02 6.488028e-02 3.681988e-04 7.516881e-03
278.725372 8.904398e-02 7.812367e-02 4.413903e-02 6.249870e-02 1.713777e-03 1.350603e-02
279.245087 6.944009e-02 8.395674e-02 4.612574e-02 5.984388e-02 6.968492e-03 2.259970e-02
279.764801 5.284775e-02 8.836931e-02 4.729326e-02 5.947392e-02 1.416680e-02 2.685516e-02
280.284515 5.413505e-02 8.533926e-02 4.760118e-02 5.921823e-02 1.404673e-02 2.882273e-02
280.804230 7.381526e-02 7.961894e-02 4.589390e-02 6.300844e-02 6.215870e-03 2.077705e-02
281.323944 9.394597e-02 7.569978e-02 4.444537e-02 6.400101e-02 9.819762e-04 1.028927e-02
281.843658 1.017276e-01 7.298299e-02 4.288781e-02 6.559748e-02 2.001381e-04 5.815085e-03
282.363373 9.056367e-02 7.610286e-02 4.383993e-02 6.440722e-02 1.387281e-03 1.270436e-02
282.883087 6.755112e-02 8.543609e-02 4.825028e-02 5.973208e-02 6.845386e-03 2.111559e-02
283.402802 5.286083e-02 8.483898e-02 4.737952e-02 6.137091e-02 1.448648e-02 2.801600e-02
283.922516 5.467386e-02 8.583152e-02 4.835502e-02 6.072177e-02 1.400123e-02 2.560037e-02
284.442230 7.550726e-02 8.254329e-02 4.624845e-02 6.190956e-02 5.918577e-03 1.721914e-02
284.961945 9.385703e-02 7.645901e-02 4.481935e-02 6.517233e-02 8.606543e-04 8.166425e-03
285.481659 9.866067e-02 7.471782e-02 4.434985e-02 6.570952e-02 1.937315e-04 5.548744e-03
286.001373 8.605632e-02 8.052341e-02 4.635906e-02 6.241522e-02 1.396658e-03 1.226457e-02
286.521088 6.781280e-02 8.211654e-02 4.753732e-02 6.355847e-02 6.929251e-03 2.095784e-02
287.040802 5.357389e-02 8.701704e-02 4.747840e-02 6.211603e-02 1.443390e-02 2.436655e-02
287.560516 5.583533e-02 8.913093e-02 4.834110e-02 6.018937e-02 1.306498e-02 2.263769e-02
288.080231 7.441791e-02 8.372202e-02 4.679262e-02 6.277739e-02 4.872345e-03 1.673602e-02
288.599945 9.100841e-02 7.537390e-02 4.604407e-02 6.759109e-02 5.766669e-04 8.705099e-03
289.119659 9.758692e-02 7.276412e-02 4.523623e-02 6.876308e-02 9.100496e-05 4.710297e-03
289.639374 8.626989e-02 7.722701e-02 4.643507e-02 6.660413e-02 1.342848e-03 1.111082e-02
290.159088 6.601031e-02 8.400353e-02 4.932256e-02 6.317182e-02 7.456406e-03 1.893957e-02
290.678802 5.034941e-02 8.527038e-02 5.154824e-02 6.284180e-02 1.508347e-02 2.388034e-02
291.198517 5.576402e-02 8.310386e-02 5.108062e-02 6.413267e-02 1.216501e-02 2.292172e-02
291.718231 7.602173e-02 8.173337e-02 4.845932e-02 6.513290e-02 3.799626e-03 1.416535e-02
292.237946 9.359942e-02 7.568246e-02 4.486792e-02 6.879968e-02 3.036073e-04 6.016049e-03
292.757660 9.579961e-02 7.412253e-02 4.552803e-02 6.917889e-02 6.701947e-05 4.415747e-03
293.277374 8.368771e-02 7.831012e-02 4.744877e-02 6.709938e-02 1.597171e-03 1.080484e-02
293.797089 6.349526e-02 8.348247e-02 5.090946e-02 6.436547e-02 8.104639e-03 1.853565e-02
294.316803 5.203748e-02 8.429554e-02 5.075461e-02 6.472760e-02 1.460702e-02 2.257031e-02
294.836517 5.832164e-02 8.661479e-02 5.064244e-02 6.303857e-02 1.109893e-02 1.947666e-02
295.356232 7.638603e-02 7.987356e-02 4.840841e-02 6.670773e-02 3.483568e-03 1.441047e-02
295.875946 9.149835e-02 7.555661e-02 4.579805e-02 6.962746e-02 3.713446e-04 6.385894e-03
296.395660 9.295632e-02 7.404141e-02 4.590821e-02 7.102269e-02 9.176468e-05 5.070028e-03
296.915375 8.177561e-02 8.209353e-02 4.682675e-02 6.585977e-02 1.417656e-03 1.101335e-02
297.435089 6.423624e-02 8.497077e-02 4.941980e-02 6.450228e-02 6.641047e-03 1.913475e-02
297.954803 5.318134e-02 8.840707e-02 4.980874e-02 6.424008e-02 1.248479e-02 2.085521e-02
298.474518 5.695550e-02 8.693654e-02 4.971944e-02 6.469899e-02 1.055108e-02 2.027557e-02
298.994232 7.366817e-02 8.267443e-02 4.763936e-02 6.781598e-02 4.110646e-03 1.333667e-02
299.513947 8.677860e-02 7.862981e-02 4.729115e-02 6.896906e-02 6.174675e-04 6.928364e-03
300.033661 8.981066e-02 7.585908e-02 4.744647e-02 7.007531e-02 9.807732e-05 5.805145e-03
300.553375 8.163203e-02 7.966281e-02 4.853721e-02 6.827679e-02 1.088178e-03 9.777192e-03
301.073090 6.818694e-02 8.530387e-02 4.913247e-02 6.510848e-02 5.210162e-03 1.598728e-02
301.592804 5.445617e-02 8.660209e-02 5.172779e-02 6.514601e-02 1.095265e-02 2.006922e-02
302.112518 5.529961e-02 8.624490e-02 5.176833e-02 6.504223e-02 1.121033e-02 1.953147e-02
302.632233 6.992200e-02 8.304550e-02 5.008846e-02 6.638519e-02 5.328868e-03 1.444206e-02
303.151947 8.509062e-02 7.620540e-02 4.811439e-02 7.119969e-02 9.714872e-04 7.626071e-03
303.671661 8.977183e-02 7.685114e-02 4.773155e-02 7.016434e-02 6.506888e-05 4.540813e-03
304.191376 8.373392e-02 7.957843e-02 4.797175e-02 6.915122e-02 6.326304e-04 7.925990e-03
304.711090 7.021918e-02 8.323431e-02 4.953597e-02 6.729425e-02 4.059756e-03 1.455815e-02
305.230804 5.646637e-02 8.670909e-02 5.140826e-02 6.632542e-02 1.043220e-02 1.760110e-02
305.750519 5.362861e-02 8.526659e-02 5.279112e-02 6.665337e-02 1.231065e-02 1.840958e-02
306.270233 6.793727e-02 8.311364e-02 5.130392e-02 6.734432e-02 6.246957e-03 1.325656e-02
306.789948 8.385082e-02 7.825943e-02 4.899498e-02 6.994177e-02 1.051373e-03 7.109365e-03
307.309662 8.994378e-02 7.645287e-02 4.849051e-02 6.999160e-02 5.228105e-05 4.176879e-03
307.829376 8.402807e-02 7.720187e-02 4.982034e-02 6.950671e-02 4.265934e-04 7.988831e-03
308.349091 7.019354e-02 8.233047e-02 5.260453e-02 6.673634e-02 3.841150e-03 1.317392e-02
308.868805 5.677023e-02 8.435746e-02 5.294416e-02 6.594656e-02 1.072918e-02 1.817432e-02
309.388519 5.522571e-02 8.504304e-02 5.368422e-02 6.583377e-02 1.170319e-02 1.756871e-02
309.908234 7.000440e-02 8.048851e-02 5.108961e-02 6.811108e-02 5.164375e-03 1.429807e-02
310.427948 8.369464e-02 7.829174e-02 4.974685e-02 6.929310e-02 7.907446e-04 7.361188e-03
310.947662 8.952063e-02 7.594951e-02 4.921125e-02 7.029293e-02 4.657366e-05 4.067366e-03
311.467377 8.435991e-02 7.785692e-02 4.939592e-02 6.929551e-02 4.996423e-04 7.557771e-03
311.987091 6.948151e-02 8.259902e-02 5.253246e-02 6.699314e-02 3.841566e-03 1.343865e-02
312.506805 5.609180e-02 8.494456e-02 5.458228e-02 6.562793e-02 9.869002e-03 1.778664e-02
313.026520 5.636049e-02 8.544274e-02 5.421070e-02 6.589067e-02 1.038072e-02 1.676288e-02
313.546234 6.993239e-02 8.203800e-02 5.285857e-02 6.773401e-02 4.418096e-03 1.216211e-02
314.065948 8.571813e-02 7.744399e-02 4.899792e-02 7.012857e-02 5.902706e-04 6.284302e-03
314.585663 8.793314e-02 7.457554e-02 5.025087e-02 7.213877e-02 4.439011e-05 4.107384e-03
315.105377 8.158702e-02 7.907268e-02 5.093950e-02 6.917812e-02 5.638513e-04 7.603206e-03
315.625092 6.940132e-02 8.381402e-02 5.210144e-02 6.590477e-02 4.051209e-03 1.362712e-02
316.144806 5.662472e-02 8.399078e-02 5.515336e-02 6.697778e-02 9.920047e-03 1.624691e-02
316.664520 5.833325e-02 8.418630e-02 5.434588e-02 6.654438e-02 9.917337e-03 1.570830e-02
317.184235 7.003821e-02 8.028256e-02 5.371974e-02 6.937245e-02 4.061340e-03 1.164435e-02
317.703949 8.406822e-02 7.779098e-02 4.998786e-02 7.029618e-02 5.012274e-04 6.492568e-03
318.223663 8.387804e-02 7.563262e-02 5.290908e-02 7.173428e-02 5.605516e-05 4.801902e-03
318.743378 8.150907e-02 7.919008e-02 5.076893e-02 6.936617e-02 6.747019e-04 7.436573e-03
319.263092 6.923529e-02 8.048050e-02 5.368133e-02 6.932241e-02 4.354783e-03 1.179528e-02
319.782806 5.806955e-02 8.487188e-02 5.445049e-02 6.592681e-02 9.699895e-03 1.589914e-02
320.302521 5.886732e-02 8.297086e-02 5.389150e-02 6.792669e-02 9.284190e-03 1.606464e-02
320.822235 7.101002e-02 8.349101e-02 5.202521e-02 6.742772e-02 3.901280e-03 1.127821e-02
321.341949 8.111797e-02 7.905911e-02 5.187543e-02 6.973410e-02 6.154986e-04 6.695275e-03
321.861664 8.542762e-02 7.649241e-02 5.118907e-02 7.141616e-02 8.447071e-05 4.421558e-03
322.381378 8.009141e-02 7.863732e-02 5.251013e-02 7.020579e-02 6.860861e-04 6.807648e-03
322.901093 7.022954e-02 7.999733e-02 5.276873e-02 7.025956e-02 3.371758e-03 1.223889e-02
323.420807 5.740920e-02 8.369245e-02 5.553903e-02 6.780791e-02 8.100950e-03 1.632178e-02
323.940521 5.703266e-02 8.400441e-02 5.505973e-02 6.887888e-02 8.897984e-03 1.510808e-02
324.460236 6.888455e-02 8.186871e-02 5.240840e-02 6.958371e-02 4.433879e-03 1.188952e-02
324.979950 7.938394e-02 7.988972e-02 5.170771e-02 6.944044e-02 8.549740e-04 7.817084e-03
325.499664 8.621714e-02 7.723197e-02 4.978224e-02 7.103694e-02 7.013512e-05 4.716878e-03
326.019379 8.043220e-02 7.771247e-02 5.249910e-02 7.152286e-02 3.294175e-04 6.435336e-03
326.539093 7.189672e-02 8.264650e-02 5.308272e-02 6.836996e-02 2.459989e-03 1.041293e-02
327.058807 6.039809e-02 8.521257e-02 5.439058e-02 6.751885e-02 7.240944e-03 1.410995e-02
327.578522 5.675863e-02 8.389942e-02 5.453954e-02 6.833458e-02 9.316270e-03 1.607729e-02
328.098236 6.600839e-02 8.112779e-02 5.307085e-02 7.022526e-02 5.273876e-03 1.333453e-02
328.617950 7.569965e-02 8.028933e-02 5.310951e-02 7.023224e-02 1.100679e-03 8.639383e-03
329.137665 8.467826e-02 7.749144e-02 5.061131e-02 7.213420e-02 6.546884e-05 4.070685e-03
329.657379 8.263628e-02 7.761301e-02 5.107262e-02 7.198016e-02 1.565346e-04 5.489531e-03
330.177094 7.351864e-02 8.220248e-02 5.231278e-02 6.927612e-02 1.763926e-03 9.797078e-03
330.696808 6.235536e-02 8.307633e-02 5.332175e-02 6.901368e-02 6.316213e-03 1.475287e-02
331.216522 5.576948e-02 8.452857e-02 5.517131e-02 6.779763e-02 9.316799e-03 1.632627e-02
331.736237 6.294048e-02 8.280668e-02 5.454063e-02 6.910564e-02 5.887654e-03 1.374003e-02
332.255951 7.415193e-02 7.887000e-02 5.383842e-02 7.217234e-02 1.421376e-03 8.592834e-03
332.775665 8.217903e-02 7.799232e-02 5.238090e-02 7.243646e-02 7.481809e-05 3.954627e-03
333.295380 8.159017e-02 7.723188e-02 5.218797e-02 7.288318e-02 7.786992e-05 4.958683e-03
333.815094 7.344957e-02 8.116357e-02 5.320476e-02 7.056473e-02 1.341457e-03 9.135070e-03
334.334808 6.373096e-02 8.359868e-02 5.308618e-02 6.916852e-02 5.752896e-03 1.351188e-02
334.854523 5.473099e-02 8.528270e-02 5.589663e-02 6.873173e-02 9.381878e-03 1.486689e-02
335.374237 6.176525e-02 8.442501e-02 5.463511e-02 6.966228e-02 6.254434e-03 1.226627e-02
335.893951 7.367639e-02 8.117095e-02 5.343414e-02 7.125258e-02 1.520844e-03 8.006482e-03
336.413666 8.238395e-02 7.732649e-02 5.153618e-02 7.328649e-02 8.766131e-05 4.397320e-03
336.933380 8.259818e-02 7.691626e-02 5.226976e-02 7.309527e-02 6.015048e-05 3.995843e-03
337.453094 7.524024e-02 8.068664e-02 5.294720e-02 7.056818e-02 1.221761e-03 8.185555e-03
337.972809 6.202605e-02 8.332739e-02 5.621961e-02 6.954116e-02 5.498133e-03 1.220329e-02
338.492523 5.676996e-02 8.517401e-02 5.548719e-02 6.840293e-02 9.034544e-03 1.401474e-02
339.012238 6.073414e-02 8.583075e-02 5.599121e-02 6.822434e-02 6.460767e-03 1.175047e-02
339.531952 7.371635e-02 8.027809e-02 5.335014e-02 7.170681e-02 1.852119e-03 8.121727e-03
340.051666 8.083052e-02 7.854902e-02 5.283786e-02 7.197208e-02 1.365046e-04 4.687358e-03
340.571381 8.160526e-02 7.731746e-02 5.328806e-02 7.273372e-02 3.670676e-05 3.947655e-03
341.091095 7.465068e-02 8.246282e-02 5.481765e-02 6.941406e-02 8.486432e-04 6.676650e-03
341.610809 6.381696e-02 8.293916e-02 5.655415e-02 6.982789e-02 4.504603e-03 1.116650e-02
342.130524 5.672906e-02 8.596201e-02 5.666589e-02 6.756649e-02 8.397521e-03 1.354668e-02
342.650238 6.165477e-02 8.260962e-02 5.490651e-02 7.060766e-02 6.598389e-03 1.258159e-02
343.169952 7.195730e-02 8.057190e-02 5.354263e-02 7.156335e-02 2.070064e-03 9.318526e-03
343.689667 8.048505e-02 7.750721e-02 5.222260e-02 7.352213e-02 1.833427e-04 5.075946e-03
344.209381 8.094745e-02 7.806048e-02 5.387621e-02 7.241736e-02 2.852818e-05 3.602806e-03
344.729095 7.732284e-02 8.128411e-02 5.333257e-02 6.994025e-02 5.434319e-04 6.438436e-03
345.248810 6.675934e-02 8.107148e-02 5.562288e-02 7.162698e-02 3.521441e-03 1.020098e-02
345.768524 5.798540e-02 8.489046e-02 5.695622e-02 6.884526e-02 7.343915e-03 1.282998e-02
346.288239 6.035991e-02 8.412251e-02 5.613307e-02 6.928439e-02 6.527049e-03 1.249749e-02
346.807953 6.918287e-02 8.222815e-02 5.553809e-02 6.928676e-02 2.376410e-03 1.037804e-02
347.327667 7.750396e-02 7.815847e-02 5.487431e-02 7.187122e-02 2.808268e-04 6.289776e-03
347.847382 8.268534e-02 7.673425e-02 5.348086e-02 7.276395e-02 2.297626e-05 3.242071e-03
348.367096 7.887929e-02 7.886920e-02 5.338418e-02 7.168633e-02 3.388261e-04 5.701075e-03
348.886810 6.658147e-02 8.140823e-02 5.724677e-02 7.046007e-02 2.320957e-03 1.078163e-02
349.406525 5.857802e-02 8.558394e-02 5.739880e-02 6.860005e-02 5.297904e-03 1.337769e-02
349.926239 5.829087e-02 8.531588e-02 5.729436e-02 6.847040e-02 5.282170e-03 1.423403e-02
350.445953 6.683884e-02 8.249627e-02 5.628369e-02 6.963929e-02 2.270113e-03 1.143269e-02
350.965668 7.660953e-02 8.092000e-02 5.477935e-02 7.007496e-02 3.329979e-04 6.259027e-03
351.485382 8.118236e-02 7.850545e-02 5.411920e-02 7.193263e-02 2.453109e-05 3.177479e-03
352.005096 7.770329e-02 7.850114e-02 5.441056e-02 7.229795e-02 1.963714e-04 5.743934e-03
352.524811 6.885731e-02 8.204548e-02 5.603207e-02 7.030839e-02 1.586542e-03 9.980645e-03
353.044525 5.945976e-02 8.292347e-02 5.807492e-02 6.934281e-02 3.966847e-03 1.502015e-02
353.564240 5.821688e-02 8.445076e-02 5.765293e-02 6.937142e-02 4.317477e-03 1.485865e-02
354.083954 6.528068e-02 8.412592e-02 5.654378e-02 6.926318e-02 2.078863e-03 1.163629e-02
354.603668 7.458431e-02 8.035510e-02 5.514489e-02 7.155365e-02 3.764780e-04 6.946317e-03
355.123383 8.135255e-02 7.775374e-02 5.364032e-02 7.323068e-02 2.200205e-05 2.918339e-03
355.643097 7.786132e-02 7.845521e-02 5.428126e-02 7.312094e-02 1.364626e-04 4.980674e-03
356.162811 6.812579e-02 8.380558e-02 5.644170e-02 6.953166e-02 1.221538e-03 9.680211e-03
356.682526 5.989972e-02 8.508577e-02 5.753257e-02 6.950089e-02 3.330998e-03 1.345442e-02
357.202240 5.888555e-02 8.428213e-02 5.741815e-02 6.968318e-02 3.995851e-03 1.458367e-02
357.721954 6.506627e-02 8.298585e-02 5.659375e-02 7.069064e-02 2.208021e-03 1.137682e-02
358.241669 7.340150e-02 8.089288e-02 5.618063e-02 7.105882e-02 4.654080e-04 6.931462e-03
358.761383 7.889780e-02 7.764432e-02 5.530734e-02 7.336254e-02 4.315700e-05 3.641593e-03
359.281097 7.643586e-02 7.974973e-02 5.526703e-02 7.165521e-02 1.176303e-04 5.631980e-03
359.800812 6.749177e-02 8.190408e-02 5.752080e-02 7.098292e-02 9.292903e-04 9.977651e-03
360.320526 6.173456e-02 8.641379e-02 5.676242e-02 6.857212e-02 2.554221e-03 1.277960e-02
360.840240 5.946919e-02 8.310901e-02 5.793647e-02 7.085720e-02 3.187870e-03 1.425354e-02
361.359955 6.564146e-02 8.179875e-02 5.657511e-02 7.190473e-02 1.957697e-03 1.101652e-02
361.879669 7.289564e-02 8.205375e-02 5.613580e-02 7.070100e-02 5.070287e-04 6.645043e-03
362.399384 7.783389e-02 7.712598e-02 5.467840e-02 7.516994e-02 5.235439e-05 4.011023e-03
362.919098 7.588493e-02 7.848876e-02 5.490880e-02 7.395313e-02 1.361901e-04 5.462755e-03
363.438812 6.819743e-02 8.317465e-02 5.681232e-02 7.106104e-02 7.446248e-04 8.804984e-03
363.958527 6.164046e-02 8.273000e-02 5.821472e-02 7.186859e-02 2.305849e-03 1.201819e-02
364.478241 5.985065e-02 8.394900e-02 5.830141e-02 7.085976e-02 3.269770e-03 1.258497e-02
364.997955 6.474360e-02 8.329166e-02 5.783417e-02 7.128303e-02 2.108708e-03 9.611662e-03
365.517670 7.192502e-02 8.141438e-02 5.642313e-02 7.253681e-02 5.191823e-04 6.072791e-03
366.037384 7.598330e-02 7.846881e-02 5.561894e-02 7.446121e-02 5.454655e-05 4.293856e-03
366.557098 7.459444e-02 8.004245e-02 5.559061e-02 7.337554e-02 1.037603e-04 5.118645e-03
367.076813 6.930938e-02 8.144535e-02 5.639587e-02 7.272073e-02 8.239376e-04 8.086138e-03
367.596527 6.370865e-02 8.211124e-02 5.743118e-02 7.294556e-02 2.778665e-03 9.802136e-03
368.116241 6.046626e-02 8.355748e-02 5.859297e-02 7.181277e-02 4.005108e-03 1.039373e-02
368.635956 6.486910e-02 8.154333e-02 5.725607e-02 7.300764e-02 2.660973e-03 9.512914e-03
369.155670 7.106736e-02 8.255922e-02 5.618898e-02 7.224347e-02 7.157502e-04 6.118878e-03
369.675385 7.504801e-02 8.108937e-02 5.594911e-02 7.295531e-02 5.492649e-05 3.771671e-03
370.195099 7.652841e-02 8.061530e-02 5.465415e-02 7.279659e-02 5.973862e-05 4.177675e-03
370.714813 7.007162e-02 7.909556e-02 5.688000e-02 7.494360e-02 6.288145e-04 7.146764e-03
371.234528 6.265570e-02 8.414648e-02 5.885844e-02 7.141898e-02 2.563622e-03 9.114413e-03
371.754242 6.106443e-02 8.370639e-02 5.807371e-02 7.183879e-02 3.983371e-03 1.013999e-02
372.273956 6.398977e-02 8.303580e-02 5.797952e-02 7.205533e-02 2.652604e-03 9.124149e-03
372.793671 7.150833e-02 7.939722e-02 5.574419e-02 7.417575e-02 7.424969e-04 7.279856e-03
373.313385 7.501280e-02 7.956874e-02 5.631341e-02 7.290139e-02 7.580971e-05 4.978165e-03
373.833099 7.598967e-02 7.783794e-02 5.617043e-02 7.426146e-02 4.340521e-05 4.511714e-03
374.352814 7.159720e-02 8.158275e-02 5.719787e-02 7.194450e-02 4.694418e-04 5.992794e-03
374.872528 6.503287e-02 8.200405e-02 5.853233e-02 7.220940e-02 1.989460e-03 8.974905e-03
375.392242 6.113814e-02 8.330588e-02 5.879854e-02 7.133607e-02 3.404769e-03 1.078459e-02
375.911957 6.491957e-02 8.219573e-02 5.669335e-02 7.151210e-02 2.675444e-03 1.083756e-02
376.431671 6.842803e-02 8.088144e-02 5.812488e-02 7.263643e-02 9.227136e-04 7.849644e-03
376.951385 7.411483e-02 8.078438e-02 5.681759e-02 7.233804e-02 1.190308e-04 4.688695e-03
377.471100 7.579497e-02 8.054107e-02 5.635362e-02 7.251788e-02 3.259056e-05 3.589998e-03
377.990814 7.222994e-02 8.078426e-02 5.694132e-02 7.261992e-02 2.756513e-04 5.915788e-03
378.510529 6.567532e-02 8.437414e-02 5.848445e-02 7.012057e-02 1.626331e-03 8.472902e-03
379.030243 6.111149e-02 8.293210e-02 5.864305e-02 7.155042e-02 3.470613e-03 1.104809e-02
379.549957 6.192410e-02 8.366724e-02 5.907702e-02 7.076721e-02 3.098377e-03 1.029037e-02
380.069672 6.716745e-02 8.163705e-02 5.914297e-02 7.206000e-02 1.224381e-03 7.590523e-03
380.589386 7.460139e-02 8.012804e-02 5.652008e-02 7.283267e-02 1.554909e-04 4.598166e-03
381.109100 7.353716e-02 7.968719e-02 5.865723e-02 7.318969e-02 3.458520e-05 3.691655e-03
381.628815 7.343444e-02 8.002585e-02 5.650978e-02 7.299571e-02 2.125654e-04 5.597313e-03
382.148529 6.659205e-02 8.166639e-02 5.864292e-02 7.224940e-02 1.377164e-03 8.190045e-03
382.668243 6.141979e-02 8.290675e-02 5.985351e-02 7.187118e-02 3.212780e-03 9.483927e-03
383.187958 6.177242e-02 8.407200e-02 5.889859e-02 7.116137e-02 3.183942e-03 9.692570e-03
383.707672 6.737147e-02 8.179655e-02 5.766903e-02 7.279614e-02 1.371444e-03 7.791390e-03
384.227386 7.268687e-02 7.978328e-02 5.678109e-02 7.390741e-02 2.222444e-04 5.448008e-03
384.747101 7.555515e-02 7.857912e-02 5.628988e-02 7.459717e-02 2.626733e-05 3.771563e-03
385.266815 7.290499e-02 7.794631e-02 5.735711e-02 7.513040e-02 1.502865e-04 5.257977e-03
385.786530 6.745868e-02 8.227253e-02 5.873900e-02 7.178912e-02 1.114505e-03 7.363539e-03
386.306244 6.159793e-02 8.233354e-02 6.007044e-02 7.253237e-02 2.878902e-03 9.291240e-03
386.825958 6.092707e-02 8.331564e-02 5.996345e-02 7.157382e-02 3.038423e-03 9.931283e-03
387.345673 6.764398e-02 7.961368e-02 5.751867e-02 7.393593e-02 1.362428e-03 8.717763e-03
387.865387 7.321627e-02 8.052512e-02 5.655371e-02 7.275483e-02 2.329201e-04 5.548675e-03
388.385101 7.405125e-02 7.978228e-02 5.796874e-02 7.341230e-02 2.766859e-05 3.553741e-03
388.904816 7.258635e-02 7.998701e-02 5.774399e-02 7.391188e-02 1.463109e-04 4.363398e-03
389.424530 6.721559e-02 8.182354e-02 5.892463e-02 7.231928e-02 9.030715e-04 7.525572e-03
389.944244 6.164647e-02 8.337978e-02 6.020172e-02 7.150490e-02 2.215530e-03 9.774167e-03
390.463959 6.137201e-02 8.312385e-02 5.972925e-02 7.142204e-02 2.434699e-03 1.067537e-02
390.983673 6.611744e-02 8.265211e-02 5.854000e-02 7.166583e-02 1.130992e-03 8.683915e-03
391.503387 7.099837e-02 8.032731e-02 5.827423e-02 7.340924e-02 2.102482e-04 5.567763e-03
392.023102 7.474325e-02 7.813546e-02 5.743618e-02 7.490484e-02 2.585182e-05 3.533884e-03
392.542816 7.486174e-02 8.078910e-02 5.572620e-02 7.233586e-02 1.165784e-04 4.942294e-03
393.062531 6.780355e-02 8.178560e-02 5.807678e-02 7.219370e-02 7.768151e-04 8.084620e-03
393.582245 6.271656e-02 8.365837e-02 5.905927e-02 7.127961e-02 1.942079e-03 1.007598e-02
394.101959 6.342308e-02 8.291227e-02 5.855837e-02 7.181779e-02 2.053277e-03 9.989532e-03
394.621674 6.713292e-02 8.265094e-02 5.810286e-02 7.191645e-02 9.400069e-04 8.030131e-03
395.141388 7.244647e-02 7.944249e-02 5.747305e-02 7.414816e-02 1.726288e-04 5.098013e-03
395.661102 7.513098e-02 7.751279e-02 5.699707e-02 7.535902e-02 2.070209e-05 3.733780e-03
396.180817 7.195054e-02 8.022577e-02 5.837789e-02 7.298435e-02 1.116091e-04 5.078277e-03
396.700531 6.622955e-02 8.347388e-02 5.980667e-02 7.065580e-02 7.916964e-04 7.754967e-03
397.220245 6.211318e-02 8.220501e-02 5.998739e-02 7.281633e-02 1.926636e-03 9.634417e-03
397.739960 6.196970e-02 8.399424e-02 5.972442e-02 7.104944e-02 2.104617e-03 9.894844e-03
398.259674 6.563237e-02 8.044912e-02 5.940677e-02 7.375100e-02 1.115327e-03 8.387922e-03
398.779388 6.984956e-02 8.025944e-02 5.937644e-02 7.348114e-02 2.311816e-04 5.560002e-03
399.299103 7.463771e-02 7.953984e-02 5.744455e-02 7.359459e-02 2.568958e-05 3.521625e-03
399.818817 7.281918e-02 7.814589e-02 5.798873e-02 7.484329e-02 6.454138e-05 4.840584e-03
400.338531 6.930773e-02 8.213533e-02 5.782514e-02 7.238207e-02 5.282160e-04 6.523892e-03
400.858246 6.409245e-02 8.168551e-02 5.918995e-02 7.347117e-02 1.537969e-03 8.699903e-03
401.377960 6.192123e-02 8.252411e-02 6.037409e-02 7.235113e-02 1.906122e-03 9.626351e-03
401.897675 6.575066e-02 8.257927e-02 5.931532e-02 7.205533e-02 1.126672e-03 7.916840e-03
402.417389 7.004857e-02 7.904691e-02 5.988744e-02 7.423765e-02 2.910305e-04 5.243423e-03
402.937103 7.468347e-02 7.970119e-02 5.806321e-02 7.357541e-02 2.673361e-05 2.700412e-03
403.456818 7.269534e-02 7.830363e-02 5.874902e-02 7.512617e-02 6.013886e-05 3.757147e-03
403.976532 6.885868e-02 8.162042e-02 5.907901e-02 7.257321e-02 4.867882e-04 6.070431e-03
404.496246 6.501518e-02 8.200288e-02 5.923621e-02 7.236990e-02 1.631269e-03 8.416678e-03
405.015961 6.244420e-02 8.144224e-02 6.008575e-02 7.320046e-02 2.382274e-03 9.131253e-03
405.535675 6.586547e-02 8.266946e-02 5.949035e-02 7.237756e-02 1.527531e-03 6.811928e-03
406.055389 7.061270e-02 8.172927e-02 5.879258e-02 7.269522e-02 3.509107e-04 4.586330e-03
406.575104 7.342398e-02 7.812318e-02 5.819417e-02 7.557648e-02 2.953324e-05 3.383434e-03
407.094818 7.245544e-02 7.838950e-02 5.872538e-02 7.515690e-02 4.571790e-05 3.929529e-03
407.614532 6.897848e-02 8.005232e-02 5.962617e-02 7.398525e-02 4.807906e-04 5.542761e-03
408.134247 6.413022e-02 8.208419e-02 6.089307e-02 7.247559e-02 1.665550e-03 7.423604e-03
408.653961 6.262898e-02 8.346090e-02 6.073882e-02 7.163424e-02 2.305699e-03 7.924741e-03
409.173676 6.520506e-02 8.216157e-02 6.017116e-02 7.201736e-02 1.490204e-03 7.678790e-03
409.693390 6.932946e-02 8.081724e-02 6.001087e-02 7.257745e-02 3.829862e-04 5.612054e-03
410.213104 7.328951e-02 7.802697e-02 5.897176e-02 7.458960e-02 4.191001e-05 3.793333e-03
410.732819 7.322166e-02 7.896530e-02 5.903496e-02 7.360886e-02 4.603621e-05 3.827562e-03
411.252533 7.033132e-02 7.815495e-02 5.943199e-02 7.478829e-02 3.731101e-04 5.582336e-03
411.772247 6.609067e-02 8.224565e-02 5.997610e-02 7.213486e-02 1.306775e-03 6.906548e-03
412.291962 6.324375e-02 8.189669e-02 6.056916e-02 7.225940e-02 2.047841e-03 8.646164e-03
412.811676 6.434542e-02 8.069059e-02 6.077988e-02 7.333902e-02 1.577397e-03 7.959086e-03
413.331390 6.955502e-02 8.003614e-02 5.890219e-02 7.345980e-02 5.668064e-04 6.199823e-03
413.851105 7.207294e-02 8.082712e-02 5.917902e-02 7.264257e-02 8.402225e-05 3.910828e-03
414.370819 7.262075e-02 7.907975e-02 5.937612e-02 7.447185e-02 2.924222e-05 3.112377e-03
414.890533 7.026810e-02 7.919589e-02 5.978457e-02 7.462391e-02 1.799481e-04 4.614986e-03
415.410248 6.671474e-02 8.184429e-02 5.990310e-02 7.244739e-02 9.225905e-04 6.815445e-03
415.929962 6.374632e-02 8.269154e-02 6.029721e-02 7.152391e-02 1.836205e-03 8.554912e-03
416.449677 6.379391e-02 8.334101e-02 6.027899e-02 7.108574e-02 1.729804e-03 8.462626e-03
416.969391 6.823560e-02 8.162761e-02 5.886702e-02 7.245233e-02 7.882691e-04 6.743144e-03
417.489105 7.127376e-02 8.031958e-02 5.958972e-02 7.313205e-02 1.330204e-04 4.259271e-03
418.008820 7.376494e-02 7.898486e-02 5.861467e-02 7.400418e-02 2.183760e-05 3.301742e-03
418.528534 7.156861e-02 7.984696e-02 5.881844e-02 7.357842e-02 9.012356e-05 4.768729e-03
419.048248 6.806506e-02 8.163231e-02 5.951736e-02 7.249802e-02 5.974558e-04 6.335987e-03
419.567963 6.496913e-02 8.102105e-02 5.989427e-02 7.334677e-02 1.581413e-03 7.816526e-03
420.087677 6.206919e-02 8.035804e-02 6.211926e-02 7.391047e-02 1.807921e-03 8.371536e-03
420.607391 6.801644e-02 8.117805e-02 5.920017e-02 7.269134e-02 9.123434e-04 6.697114e-03
421.127106 7.054678e-02 7.894485e-02 5.999633e-02 7.420777e-02 1.945606e-04 4.802394e-03
421.646820 7.250451e-02 7.860006e-02 5.970958e-02 7.446163e-02 3.228704e-05 3.362278e-03
422.166534 7.203128e-02 7.910973e-02 5.929929e-02 7.402319e-02 7.482379e-05 4.111495e-03
422.686249 6.869018e-02 7.969525e-02 6.030509e-02 7.379106e-02 5.160618e-04 5.628643e-03
423.205963 6.503989e-02 8.056470e-02 6.095641e-02 7.331146e-02 1.366386e-03 7.388965e-03
423.725677 6.391232e-02 8.246684e-02 6.086114e-02 7.219535e-02 1.565780e-03 7.656545e-03
424.245392 6.555267e-02 8.076761e-02 6.134426e-02 7.341076e-02 8.679639e-04 6.716197e-03
424.765106 7.028446e-02 7.837004e-02 6.007130e-02 7.443069e-02 1.966945e-04 5.327862e-03
425.284821 7.379697e-02 7.869770e-02 5.894126e-02 7.387020e-02 3.422865e-05 3.334951e-03
425.804535 7.303738e-02 7.768688e-02 5.920160e-02 7.462512e-02 9.044170e-05 3.997204e-03
426.324249 6.808406e-02 8.074211e-02 6.069935e-02 7.248174e-02 5.145257e-04 6.098886e-03
426.843964 6.467406e-02 8.104123e-02 6.110474e-02 7.259506e-02 1.205025e-03 7.993635e-03
427.363678 6.288965e-02 8.162419e-02 6.208809e-02 7.260868e-02 1.288698e-03 8.142037e-03
427.883392 6.674191e-02 8.131114e-02 6.077329e-02 7.231940e-02 6.553069e-04 6.852922e-03
428.403107 6.940752e-02 7.926417e-02 6.104964e-02 7.373936e-02 1.722005e-04 5.023871e-03
428.922821 7.272848e-02 7.825911e-02 5.934386e-02 7.470527e-02 3.487085e-05 3.595241e-03
429.442535 7.181052e-02 8.084477e-02 5.953013e-02 7.239592e-02 7.560786e-05 4.012532e-03
429.962250 6.808528e-02 8.143013e-02 6.076918e-02 7.252476e-02 3.895876e-04 5.407338e-03
430.481964 6.468107e-02 8.140977e-02 6.122295e-02 7.276025e-02 9.320662e-04 7.596151e-03
431.001678 6.514837e-02 8.254652e-02 6.023703e-02 7.160622e-02 1.110938e-03 7.992125e-03
431.521393 6.659009e-02 7.880413e-02 6.077885e-02 7.451341e-02 7.153633e-04 7.226953e-03
432.041107 6.954215e-02 7.980357e-02 6.056220e-02 7.325446e-02 2.219477e-04 5.270242e-03
432.560822 7.242618e-02 7.798843e-02 5.973537e-02 7.508564e-02 3.652689e-05 3.378329e-03
433.080536 7.316534e-02 7.952481e-02 5.934825e-02 7.339822e-02 3.462896e-05 3.172122e-03
433.600250 6.923167e-02 7.975518e-02 6.092651e-02 7.317339e-02 2.340725e-04 5.276361e-03
434.119965 6.472877e-02 8.151299e-02 6.276625e-02 7.176644e-02 7.772202e-04 7.030794e-03
434.639679 6.438867e-02 8.087008e-02 6.167172e-02 7.279380e-02 1.115081e-03 7.759814e-03
435.159393 6.530678e-02 8.081499e-02 6.157238e-02 7.273524e-02 8.201160e-04 7.374648e-03
435.679108 6.771725e-02 7.931305e-02 6.174343e-02 7.390545e-02 2.929956e-04 5.654105e-03
436.198822 7.210203e-02 7.907049e-02 5.988559e-02 7.402787e-02 4.835923e-05 3.500854e-03
436.718536 7.261688e-02 7.909218e-02 5.964185e-02 7.387768e-02 2.986791e-05 3.368800e-03
437.238251 7.002752e-02 7.975610e-02 6.043965e-02 7.359846e-02 1.519569e-04 4.622868e-03
437.757965 6.767543e-02 8.071841e-02 6.009531e-02 7.248642e-02 5.450253e-04 7.086486e-03
438.277679 6.434479e-02 8.190177e-02 6.164607e-02 7.183144e-02 1.049454e-03 7.835601e-03
438.797394 6.510057e-02 8.067939e-02 6.153140e-02 7.344541e-02 1.086669e-03 6.769386e-03
439.317108 6.840734e-02 8.070370e-02 6.053463e-02 7.350819e-02 5.304622e-04 4.962128e-03
439.836823 7.095378e-02 7.858869e-02 6.060056e-02 7.478643e-02 9.652652e-05 3.588902e-03
440.356537 7.051173e-02 7.841477e-02 6.141812e-02 7.438082e-02 2.640609e-05 3.845965e-03
440.876251 7.077491e-02 7.918198e-02 6.023989e-02 7.394449e-02 9.040032e-05 4.367362e-03
441.395966 6.785965e-02 7.957540e-02 6.100505e-02 7.363391e-02 4.579889e-04 6.038552e-03
441.915680 6.552969e-02 8.096300e-02 6.146280e-02 7.316437e-02 1.096873e-03 6.397097e-03
442.435394 6.472091e-02 8.134220e-02 6.219833e-02 7.273276e-02 1.196920e-03 6.407086e-03
442.955109 6.762604e-02 8.086622e-02 6.139310e-02 7.259022e-02 6.455394e-04 5.494712e-03
443.474823 7.067169e-02 7.917607e-02 6.050701e-02 7.348905e-02 1.493770e-04 4.632893e-03
443.994537 7.272489e-02 7.849678e-02 6.002005e-02 7.413208e-02 2.455004e-05 3.219565e-03
444.514252 7.157686e-02 7.913306e-02 6.041656e-02 7.367995e-02 7.514124e-05 3.705966e-03
445.033966 6.782147e-02 7.952791e-02 6.178420e-02 7.357435e-02 4.317027e-04 5.428831e-03
445.553680 6.415576e-02 8.012339e-02 6.315970e-02 7.294832e-02 1.051505e-03 7.111263e-03
446.073395 6.509963e-02 8.012076e-02 6.235934e-02 7.337555e-02 1.113655e-03 6.525515e-03
446.593109 6.708836e-02 8.020518e-02 6.216184e-02 7.300014e-02 5.317392e-04 5.617418e-03
447.112823 7.021374e-02 8.004376e-02 6.138549e-02 7.309278e-02 9.144731e-05 3.791943e-03
447.632538 7.117797e-02 7.863330e-02 6.154269e-02 7.427856e-02 1.757986e-05 2.952449e-03
448.152252 7.049749e-02 7.949702e-02 6.107118e-02 7.349025e-02 8.773545e-05 3.939592e-03
448.671967 6.827775e-02 7.913122e-02 6.127390e-02 7.402520e-02 4.929592e-04 5.351811e-03
449.191681 6.487444e-02 8.024763e-02 6.265935e-02 7.347419e-02 1.059054e-03 6.240864e-03
449.711395 6.570770e-02 8.143146e-02 6.165798e-02 7.271474e-02 9.172049e-04 6.167426e-03
450.231110 6.779452e-02 8.155009e-02 6.136335e-02 7.270188e-02 3.480758e-04 4.850978e-03
450.750824 7.079344e-02 8.062859e-02 6.068287e-02 7.272349e-02 5.263534e-05 3.730051e-03
451.270538 7.142235e-02 7.856626e-02 6.106910e-02 7.422007e-02 1.693558e-05 3.284473e-03
451.790253 6.901890e-02 7.961282e-02 6.217018e-02 7.379764e-02 9.284977e-05 3.873010e-03
452.309967 6.611218e-02 7.950964e-02 6.269376e-02 7.421596e-02 4.204769e-04 5.597921e-03
452.829681 6.484757e-02 8.173655e-02 6.268961e-02 7.246614e-02 6.891567e-04 6.135051e-03
453.349396 6.547989e-02 8.166475e-02 6.206398e-02 7.210182e-02 5.570491e-04 6.709586e-03
453.869110 6.797201e-02 8.008805e-02 6.158048e-02 7.306486e-02 2.397178e-04 5.633709e-03
454.388824 7.105137e-02 7.950525e-02 6.078238e-02 7.325549e-02 6.084912e-05 3.935682e-03
454.908539 7.258615e-02 7.955186e-02 6.022197e-02 7.313632e-02 2.138069e-05 3.075419e-03
455.428253 6.931313e-02 7.781930e-02 6.219983e-02 7.500366e-02 8.108999e-05 4.134082e-03
455.947968 6.787349e-02 7.920694e-02 6.175801e-02 7.409279e-02 2.987556e-04 5.308384e-03
456.467682 6.510618e-02 8.045185e-02 6.286867e-02 7.309037e-02 5.803278e-04 6.446475e-03
456.987396 6.590461e-02 7.998126e-02 6.206703e-02 7.329340e-02 5.390670e-04 6.781214e-03
457.507111 6.756260e-02 8.014189e-02 6.206091e-02 7.253355e-02 2.335584e-04 6.027441e-03
458.026825 7.010772e-02 8.066399e-02 6.177352e-02 7.228212e-02 5.733676e-05 3.695052e-03
458.546539 7.025965e-02 7.831833e-02 6.235444e-02 7.452520e-02 1.942628e-05 3.074976e-03
459.066254 6.958901e-02 7.724497e-02 6.185573e-02 7.562332e-02 6.531765e-05 4.155762e-03
459.585968 6.740478e-02 8.043595e-02 6.201421e-02 7.317032e-02 2.158843e-04 5.291588e-03
460.105682 6.627169e-02 8.199737e-02 6.148349e-02 7.210031e-02 4.007067e-04 6.311410e-03
460.625397 6.685520e-02 8.048392e-02 6.090721e-02 7.333255e-02 3.839710e-04 6.602674e-03
461.145111 6.756640e-02 7.960323e-02 6.183352e-02 7.401662e-02 1.684718e-04 5.371994e-03
461.664825 7.090528e-02 7.977895e-02 6.094026e-02 7.346506e-02 3.447515e-05 3.456949e-03
462.184540 7.134753e-02 7.877780e-02 6.091683e-02 7.477549e-02 1.605458e-05 2.741692e-03
462.704254 6.940487e-02 7.881425e-02 6.091467e-02 7.502566e-02 7.157932e-05 4.305078e-03
463.223969 6.555764e-02 8.132414e-02 6.243322e-02 7.323284e-02 2.287712e-04 5.752833e-03
463.743683 6.592033e-02 8.176519e-02 6.137599e-02 7.222672e-02 4.087941e-04 6.840420e-03
464.263397 6.625535e-02 7.954859e-02 6.150595e-02 7.432284e-02 3.843303e-04 6.515797e-03
464.783112 6.813335e-02 7.976691e-02 6.158107e-02 7.408937e-02 1.957230e-04 4.797862e-03
465.302826 7.048357e-02 7.927273e-02 6.124414e-02 7.462961e-02 4.447729e-05 2.885870e-03
465.822540 6.983902e-02 7.977407e-02 6.169114e-02 7.421572e-02 2.091782e-05 3.002280e-03
466.342255 6.936730e-02 8.054635e-02 6.091417e-02 7.337409e-02 6.947421e-05 4.252655e-03
466.861969 6.585328e-02 7.973433e-02 6.256713e-02 7.394370e-02 2.733187e-04 6.129819e-03
467.381683 6.566834e-02 8.032794e-02 6.193070e-02 7.358643e-02 5.554857e-04 6.462900e-03
467.901398 6.585083e-02 8.221198e-02 6.224434e-02 7.256374e-02 5.127067e-04 5.145027e-03
468.421112 6.718431e-02 8.196446e-02 6.258257e-02 7.256252e-02 2.074905e-04 4.053699e-03
468.940826 6.869610e-02 7.869969e-02 6.248662e-02 7.543369e-02 3.659966e-05 3.170298e-03
469.460541 6.981415e-02 7.965191e-02 6.185730e-02 7.408775e-02 2.199610e-05 3.098372e-03
469.980255 6.910691e-02 7.891844e-02 6.121853e-02 7.481091e-02 8.371099e-05 4.374171e-03
470.499969 6.751540e-02 8.016790e-02 6.112240e-02 7.390635e-02 2.944219e-04 5.510964e-03
471.019684 6.417974e-02 8.002651e-02 6.362766e-02 7.453369e-02 5.170507e-04 5.617233e-03
471.539398 6.609385e-02 8.145899e-02 6.253617e-02 7.316763e-02 3.896553e-04 4.895568e-03
472.059113 6.874116e-02 7.951978e-02 6.146536e-02 7.468925e-02 1.336220e-04 3.971780e-03
472.578827 6.979366e-02 7.778219e-02 6.167547e-02 7.596752e-02 2.305594e-05 3.272592e-03
473.098541 7.055347e-02 7.757664e-02 6.090355e-02 7.604245e-02 2.460761e-05 3.410116e-03
473.618256 6.827877e-02 8.080462e-02 6.158083e-02 7.353795e-02 1.365800e-04 4.165078e-03
474.137970 6.764458e-02 7.897709e-02 6.103528e-02 7.550798e-02 4.746369e-04 4.857675e-03
474.657684 6.448344e-02 8.079512e-02 6.334776e-02 7.400490e-02 6.894452e-04 5.188632e-03
475.177399 6.731396e-02 7.998722e-02 6.195689e-02 7.445942e-02 3.742278e-04 4.422112e-03
475.697113 6.907844e-02 8.018225e-02 6.184215e-02 7.381630e-02 6.299387e-05 3.549722e-03
476.216827 7.088377e-02 7.777180e-02 6.128355e-02 7.577056e-02 1.255533e-05 2.781393e-03
476.736542 6.962525e-02 7.901993e-02 6.177984e-02 7.415185e-02 4.362748e-05 3.881135e-03
477.256256 6.809713e-02 8.050066e-02 6.207449e-02 7.335738e-02 2.806609e-04 4.189970e-03
477.775970 6.585192e-02 7.991598e-02 6.326224e-02 7.409267e-02 6.097535e-04 4.764410e-03
478.295685 6.552222e-02 8.009929e-02 6.335140e-02 7.356425e-02 5.588614e-04 5.414202e-03
478.815399 6.590024e-02 7.969937e-02 6.410489e-02 7.393729e-02 2.252554e-04 4.640228e-03
479.335114 6.960438e-02 7.949924e-02 6.208040e-02 7.372656e-02 4.155941e-05 3.561038e-03
479.854828 7.027947e-02 7.889850e-02 6.218049e-02 7.428287e-02 1.605987e-05 2.848586e-03
480.374542 6.851346e-02 8.057931e-02 6.294773e-02 7.260570e-02 5.186500e-05 3.804965e-03
480.894257 6.838954e-02 7.929321e-02 6.177477e-02 7.397931e-02 2.254872e-04 4.822257e-03
481.413971 6.544274e-02 8.070032e-02 6.378032e-02 7.286605e-02 4.237884e-04 5.268571e-03
481.933685 6.607976e-02 8.061182e-02 6.322643e-02 7.321034e-02 3.754700e-04 4.971631e-03
482.453400 6.750006e-02 7.899958e-02 6.295596e-02 7.412223e-02 1.713636e-04 4.738520e-03
482.973114 6.899732e-02 7.909190e-02 6.279511e-02 7.359431e-02 4.621724e-05 3.962959e-03
483.492828 7.148983e-02 7.855598e-02 6.152486e-02 7.384004e-02 2.013657e-05 3.076742e-03
484.012543 6.888293e-02 7.930133e-02 6.315065e-02 7.373585e-02 4.389024e-05 3.360091e-03
484.532257 6.763648e-02 7.926717e-02 6.324431e-02 7.373402e-02 1.629312e-04 4.420909e-03
485.051971 6.584357e-02 7.840352e-02 6.356940e-02 7.444077e-02 3.198944e-04 5.875015e-03
485.571686 6.660278e-02 7.978683e-02 6.317549e-02 7.286070e-02 3.237186e-04 5.736630e-03
486.091400 6.715149e-02 7.911726e-02 6.371579e-02 7.359084e-02 1.595512e-04 4.753531e-03
486.611115 6.973940e-02 7.887983e-02 6.236492e-02 7.382555e-02 4.349785e-05 3.630888e-03
487.130829 6.937892e-02 7.850923e-02 6.335633e-02 7.378767e-02 2.193742e-05 3.426798e-03
487.650543 7.038823e-02 7.808936e-02 6.230502e-02 7.424977e-02 3.693576e-05 3.415126e-03
488.170258 6.841140e-02 7.862065e-02 6.324092e-02 7.358744e-02 1.522855e-04 4.447070e-03
488.689972 6.756817e-02 7.840143e-02 6.296942e-02 7.399510e-02 3.084195e-04 5.210859e-03
489.209686 6.535932e-02 7.977120e-02 6.458615e-02 7.275777e-02 2.996915e-04 5.674933e-03
489.729401 6.847825e-02 7.979447e-02 6.256213e-02 7.269634e-02 1.639414e-04 4.788456e-03
490.249115 6.990161e-02 7.867588e-02 6.253325e-02 7.355762e-02 5.610680e-05 3.759259e-03
490.768829 7.127324e-02 7.763661e-02 6.234448e-02 7.434166e-02 1.909721e-05 2.869850e-03
491.288544 7.059569e-02 7.865495e-02 6.256157e-02 7.353791e-02 2.718717e-05 3.081240e-03
491.808258 6.839979e-02 7.876952e-02 6.341186e-02 7.323969e-02 1.002700e-04 4.530719e-03
492.327972 6.691540e-02 8.097750e-02 6.356343e-02 7.144596e-02 2.412903e-04 5.322230e-03
492.847687 6.683002e-02 8.040904e-02 6.346366e-02 7.172151e-02 2.957757e-04 5.753656e-03
493.367401 6.833886e-02 7.999469e-02 6.280305e-02 7.197984e-02 1.814221e-04 5.198510e-03
493.887115 7.068879e-02 7.694197e-02 6.247862e-02 7.460790e-02 4.932343e-05 3.684865e-03
494.406830 7.049370e-02 7.773730e-02 6.403127e-02 7.324628e-02 1.756119e-05 2.940370e-03
494.926544 7.147595e-02 7.881752e-02 6.262090e-02 7.222760e-02 3.081392e-05 3.289379e-03
495.446259 6.960411e-02 7.878295e-02 6.294458e-02 7.240172e-02 1.229296e-04 4.593708e-03
495.965973 6.737415e-02 7.960065e-02 6.360807e-02 7.172874e-02 2.658533e-04 5.871726e-03
496.485687 6.684471e-02 7.894558e-02 6.420828e-02 7.266815e-02 2.873091e-04 5.498201e-03
497.005402 6.818404e-02 7.906622e-02 6.434882e-02 7.190804e-02 1.638839e-04 4.788219e-03
497.525116 7.156134e-02 7.805421e-02 6.273229e-02 7.297548e-02 4.850155e-05 3.100350e-03
498.044830 7.119938e-02 7.695624e-02 6.351479e-02 7.384259e-02 1.862823e-05 2.912503e-03
498.564545 7.054246e-02 7.865049e-02 6.351890e-02 7.200116e-02 3.844023e-05 3.713474e-03
499.084259 6.841537e-02 7.686859e-02 6.384787e-02 7.408357e-02 1.399552e-04 5.062200e-03
499.603973 6.704084e-02 7.818905e-02 6.408949e-02 7.318589e-02 2.982088e-04 5.622552e-03
500.003754 6.710444e-02 8.061364e-02 6.394060e-02 7.153536e-02 3.324287e-04 4.930705e-03
