0.000000 9.999987e-01 9.778887e-09 -7.688398e-07 6.104453e-09
0.520000 8.904561e-01 1.187436e-08 -8.847243e-07 6.564276e-09
1.040000 5.906364e-01 1.234002e-08 -9.513157e-07 7.379496e-09
1.559999 2.105000e-01 1.251465e-08 -1.241482e-06 9.970986e-09
2.079999 -1.813965e-01 1.257285e-08 -1.388001e-06 1.093619e-08
2.599998 -5.661525e-01 1.257285e-08 -9.596649e-07 7.816252e-09
3.119998 -8.910452e-01 1.257285e-08 -7.820544e-07 6.173752e-09
3.639997 -1.034443e+00 1.443550e-08 -8.631586e-07 6.578708e-09
4.159997 -9.113503e-01 1.583248e-08 -8.416745e-07 6.745931e-09
4.679996 -5.916902e-01 1.606531e-08 -1.198504e-06 8.686552e-09
5.199996 -2.047308e-01 1.618173e-08 -1.280607e-06 9.627843e-09
5.719995 1.898875e-01 1.623994e-08 -1.612069e-06 1.201937e-08
6.239995 5.780589e-01 1.699664e-08 -1.173146e-06 9.219610e-09
6.759994 9.041256e-01 1.699664e-08 -8.016750e-07 6.280103e-09
7.279994 1.036437e+00 1.722947e-08 -7.575671e-07 6.135676e-09
7.799993 8.926623e-01 1.955777e-08 -9.012248e-07 6.789213e-09
8.320001 5.604064e-01 2.002344e-08 -1.209712e-06 8.414907e-09
8.840013 1.704886e-01 2.031447e-08 -1.304832e-06 1.030271e-08
9.360024 -2.247314e-01 1.973240e-08 -1.315676e-06 1.060686e-08
9.880036 -6.118400e-01 2.025627e-08 -1.052329e-06 7.749220e-09
10.400048 -9.276466e-01 2.118759e-08 -8.555787e-07 6.666460e-09
10.920060 -1.034829e+00 2.188608e-08 -7.687419e-07 6.149044e-09
11.440072 -8.646600e-01 2.188608e-08 -9.282194e-07 6.782944e-09
11.960084 -5.203937e-01 2.281740e-08 -1.037724e-06 7.645750e-09
12.480096 -1.284483e-01 2.281740e-08 -1.193318e-06 9.601580e-09
13.000108 2.669380e-01 2.526212e-08 -1.362759e-06 1.105710e-08
13.520120 6.514174e-01 2.211891e-08 -9.952554e-07 7.242142e-09
14.040132 9.523510e-01 2.374873e-08 -8.624692e-07 6.877145e-09
14.560143 1.029166e+00 2.514571e-08 -8.455112e-07 6.605441e-09
15.080155 8.315699e-01 2.328306e-08 -9.266701e-07 7.846769e-09
15.600167 4.765275e-01 2.572779e-08 -1.086345e-06 8.748909e-09
16.120178 8.315200e-02 2.648449e-08 -1.496851e-06 1.134890e-08
16.640190 -3.122027e-01 2.572779e-08 -1.339779e-06 9.990631e-09
17.160202 -6.927745e-01 2.933666e-08 -9.600938e-07 7.509128e-09
17.680214 -9.754799e-01 2.537854e-08 -1.032073e-06 7.359630e-09
18.200226 -1.019185e+00 2.654269e-08 -8.790622e-07 7.491680e-09
18.720238 -7.948743e-01 2.793968e-08 -9.428397e-07 7.307708e-09
19.240250 -4.305638e-01 3.189780e-08 -1.153448e-06 8.539593e-09
19.760262 -3.621357e-02 3.173773e-08 -1.699634e-06 1.322048e-08
20.280273 3.589376e-01 3.050081e-08 -1.226958e-06 1.000326e-08
20.800285 7.342509e-01 2.770685e-08 -1.225745e-06 9.155460e-09
21.320297 9.957542e-01 2.677552e-08 -8.148181e-07 6.188524e-09
21.840309 1.004806e+00 2.933666e-08 -7.905953e-07 5.959151e-09
22.360321 7.553252e-01 3.143214e-08 -1.105462e-06 8.241552e-09
22.880333 3.832858e-01 3.213063e-08 -1.325683e-06 1.071253e-08
23.400345 -1.169888e-02 3.054447e-08 -1.778468e-06 1.331739e-08
23.920357 -4.064334e-01 2.968591e-08 -1.190532e-06 9.219317e-09
24.440369 -7.749702e-01 2.770685e-08 -1.080860e-06 9.044968e-09
24.960381 -1.012480e+00 2.980232e-08 -1.081083e-06 8.311741e-09
25.480392 -9.861475e-01 3.236346e-08 -9.944994e-07 7.856627e-09
26.000404 -7.134891e-01 3.119931e-08 -9.405194e-07 7.188252e-09
26.520416 -3.351743e-01 3.073364e-08 -1.571003e-06 1.217934e-08
27.040428 6.019884e-02 3.508467e-08 -2.084995e-06 1.585106e-08
27.560440 4.542265e-01 3.364403e-08 -1.259778e-06 9.327296e-09
28.080452 8.142731e-01 3.306195e-08 -1.039898e-06 7.640597e-09
28.600464 1.025155e+00 3.213063e-08 -1.082939e-06 8.057429e-09
29.120476 9.633561e-01 3.608875e-08 -9.689954e-07 8.255927e-09
29.640488 6.697542e-01 3.422610e-08 -1.159553e-06 9.229719e-09
30.160500 2.864742e-01 3.306195e-08 -1.961825e-06 1.474191e-08
30.680511 -1.091209e-01 3.274181e-08 -2.340406e-06 1.886160e-08
31.200523 -5.020409e-01 3.608875e-08 -1.779184e-06 1.342509e-08
31.720535 -8.516786e-01 3.213063e-08 -1.469632e-06 1.114232e-08
32.240547 -1.033491e+00 3.399327e-08 -1.041782e-06 8.309820e-09
32.760559 -9.367136e-01 3.306195e-08 -1.017155e-06 7.541487e-09
33.280571 -6.245041e-01 3.562309e-08 -1.683688e-06 1.317413e-08
33.800583 -2.373992e-01 3.504101e-08 -1.773901e-06 1.418821e-08
34.320595 1.583036e-01 4.185131e-08 -3.320703e-06 2.461961e-08
34.840607 5.495812e-01 3.725290e-08 -2.160730e-06 1.741860e-08
35.360619 8.866967e-01 3.818423e-08 -1.548922e-06 1.301936e-08
35.880630 1.037241e+00 3.399327e-08 -1.813997e-06 1.358815e-08
36.400642 9.064749e-01 3.562309e-08 -1.713081e-06 1.421971e-08
36.920654 5.780029e-01 4.074536e-08 -2.086199e-06 1.585166e-08
37.440666 1.880356e-01 4.051253e-08 -1.779517e-06 1.355030e-08
37.960678 -2.076970e-01 3.847526e-08 -4.108972e-06 3.349321e-08
38.480690 -5.966396e-01 4.027970e-08 -2.224482e-06 1.651530e-08
39.000702 -9.189421e-01 3.725290e-08 -9.635338e-07 8.090613e-09
39.520714 -1.036322e+00 3.864989e-08 -9.965755e-07 7.914131e-09
40.040726 -8.729960e-01 3.818423e-08 -1.783353e-06 1.314852e-08
40.560738 -5.305437e-01 3.795139e-08 -1.450233e-06 1.149438e-08
41.080750 -1.385035e-01 4.319008e-08 -1.679343e-06 1.483244e-08
41.600761 2.571884e-01 4.307367e-08 -5.237260e-06 3.980955e-08
42.120773 6.429229e-01 4.866160e-08 -1.284798e-06 9.389355e-09
42.640785 9.479787e-01 4.051253e-08 -2.970700e-06 2.198135e-08
43.160797 1.030662e+00 4.004687e-08 -2.407870e-06 1.935873e-08
43.680809 8.365765e-01 4.190952e-08 -1.504512e-06 1.137265e-08
44.200821 4.823028e-01 4.156027e-08 -1.661656e-06 1.288396e-08
44.720833 8.881445e-02 4.170579e-08 -2.419732e-06 1.949764e-08
45.240845 -3.067482e-01 4.190952e-08 -4.779011e-06 4.057937e-08
45.760857 -6.882055e-01 4.214235e-08 -2.782401e-06 2.280992e-08
46.280869 -9.734790e-01 4.004687e-08 -2.846430e-06 2.384229e-08
46.800880 -1.020347e+00 4.377216e-08 -3.330510e-06 2.447410e-08
47.320892 -7.975993e-01 4.353933e-08 -3.807119e-06 3.136569e-08
47.840904 -4.335034e-01 4.027970e-08 -4.073827e-06 3.313128e-08
48.360916 -3.904648e-02 4.177855e-08 -5.205699e-06 3.757887e-08
48.880928 3.562565e-01 4.284084e-08 -5.157658e-06 3.616216e-08
49.400940 7.321576e-01 4.330650e-08 -6.511107e-06 4.626335e-08
49.920952 9.950626e-01 4.516914e-08 -1.646822e-06 1.248133e-08
50.440964 1.005448e+00 4.470348e-08 -1.531332e-06 1.254493e-08
50.960976 7.563579e-01 4.260801e-08 -5.437662e-06 3.921660e-08
51.480988 3.842529e-01 4.225876e-08 -8.304015e-06 6.061475e-08
52.000999 -1.082115e-02 4.264075e-08 -7.589488e-06 6.230577e-08
52.521011 -4.056666e-01 4.575122e-08 -1.947938e-06 1.505346e-08
53.041023 -7.745131e-01 4.516914e-08 -4.851353e-06 4.067817e-08
53.561035 -1.012479e+00 4.190952e-08 -6.827043e-06 5.083833e-08
54.081047 -9.861917e-01 4.400499e-08 -6.153648e-06 5.097214e-08
54.601059 -7.132220e-01 4.773028e-08 -1.880416e-06 1.412741e-08
55.121071 -3.347151e-01 4.551839e-08 -9.858425e-06 8.462669e-08
55.641083 6.073005e-02 4.464528e-08 -1.404018e-05 1.032314e-07
56.161095 4.548260e-01 5.168840e-08 -5.644184e-06 4.932894e-08
56.681107 8.149001e-01 4.423782e-08 -2.743986e-06 2.173451e-08
57.201118 1.025434e+00 4.423782e-08 -4.561400e-06 3.919594e-08
57.721130 9.627646e-01 4.470348e-08 -6.062609e-06 4.339008e-08
58.241142 6.684489e-01 4.586764e-08 -6.710257e-06 5.750303e-08
58.761154 2.849369e-01 4.691537e-08 -1.458960e-05 1.019193e-07
59.281166 -1.107130e-01 5.197944e-08 -1.920699e-05 1.641110e-07
59.801178 -5.036547e-01 5.611219e-08 -1.540079e-05 1.128265e-07
60.321190 -8.530184e-01 4.633330e-08 -1.270105e-05 9.415931e-08
60.841202 -1.033782e+00 4.330650e-08 -6.749652e-06 5.533443e-08
61.361214 -9.354919e-01 5.471520e-08 -6.255648e-06 4.568017e-08
61.881226 -6.223679e-01 4.982576e-08 -1.614200e-05 1.160729e-07
62.401237 -2.350380e-01 5.046604e-08 -1.149217e-05 9.844629e-08
62.921249 1.607058e-01 4.930189e-08 -3.227477e-05 2.353570e-07
63.441261 5.519423e-01 5.331822e-08 -1.958075e-05 1.672808e-07
63.961273 8.884662e-01 4.726462e-08 -1.256726e-05 1.086626e-07
64.481186 1.037349e+00 5.261973e-08 -1.641549e-05 1.184122e-07
65.001099 9.046378e-01 4.982576e-08 -1.538679e-05 1.299316e-07
65.521011 5.751815e-01 5.471520e-08 -1.522147e-05 1.348808e-07
66.040924 1.850185e-01 5.634502e-08 -9.992074e-06 7.172432e-08
66.560837 -2.107451e-01 5.919719e-08 -3.818189e-05 3.207840e-07
67.080750 -5.995643e-01 6.146729e-08 -2.118758e-05 1.514152e-07
67.600662 -9.209328e-01 4.773028e-08 -4.240461e-06 3.268342e-08
68.120575 -1.036124e+00 5.075708e-08 -3.658186e-06 3.004569e-08
68.640488 -8.705860e-01 5.657785e-08 -1.470341e-05 1.045696e-07
69.160400 -5.271645e-01 5.145557e-08 -1.023198e-05 7.526938e-08
69.680313 -1.349674e-01 6.164191e-08 -8.057294e-06 6.622441e-08
70.200226 2.607424e-01 6.193295e-08 -5.483124e-05 3.968676e-07
70.720139 6.462508e-01 5.937181e-08 -4.516989e-06 3.817366e-08
71.240051 9.500142e-01 5.005859e-08 -2.995665e-05 2.191427e-07
71.759964 1.030062e+00 5.261973e-08 -2.394122e-05 2.007153e-07
72.279877 8.336290e-01 5.913898e-08 -1.523022e-05 1.100304e-07
72.799789 4.784567e-01 5.355105e-08 -1.677053e-05 1.217848e-07
73.319702 8.484891e-02 5.142647e-08 -2.221926e-05 1.810064e-07
73.839615 -3.107204e-01 6.239861e-08 -4.928622e-05 4.223359e-07
74.359528 -6.918211e-01 6.239861e-08 -3.143477e-05 2.643595e-07
74.879440 -9.754246e-01 5.471520e-08 -2.661834e-05 2.306045e-07
75.399353 -1.019292e+00 5.587935e-08 -3.276675e-05 2.333776e-07
75.919266 -7.941712e-01 6.216578e-08 -4.013221e-05 3.361770e-07
76.439178 -4.292755e-01 5.378388e-08 -4.294836e-05 3.634433e-07
76.959091 -3.473246e-02 5.699985e-08 -5.338868e-05 3.911018e-07
77.479004 3.605564e-01 6.589107e-08 -4.587751e-05 3.308449e-07
77.998917 7.359419e-01 6.053597e-08 -6.585754e-05 4.808061e-07
78.518829 9.967979e-01 5.285256e-08 -1.811643e-05 1.494041e-07
79.038742 1.003899e+00 6.565824e-08 -1.945632e-05 1.452852e-07
79.558655 7.524896e-01 6.146729e-08 -5.127956e-05 3.685078e-07
80.078568 3.797009e-01 5.576294e-08 -8.694980e-05 6.378760e-07
80.598480 -1.543278e-02 6.087794e-08 -8.488454e-05 7.166091e-07
81.118393 -4.102401e-01 6.635673e-08 -1.162365e-05 9.685505e-08
81.638306 -7.783796e-01 6.495975e-08 -4.539000e-05 3.899189e-07
82.158218 -1.013912e+00 5.681068e-08 -7.588037e-05 5.553080e-07
82.678131 -9.841421e-01 5.960464e-08 -6.717360e-05 5.630386e-07
83.198044 -7.089719e-01 6.263144e-08 -1.141555e-05 9.552942e-08
83.717957 -3.298974e-01 6.530900e-08 -1.045136e-04 8.853897e-07
84.237869 6.558459e-02 6.784103e-08 -1.649041e-04 1.198899e-06
84.757782 4.596045e-01 6.915070e-08 -6.974308e-05 5.883010e-07
85.277695 8.187495e-01 6.263144e-08 -3.510190e-05 2.876729e-07
85.797607 1.026480e+00 5.355105e-08 -4.108378e-05 3.486835e-07
86.317520 9.602095e-01 6.821938e-08 -5.672453e-05 4.121869e-07
86.837433 6.638565e-01 6.519258e-08 -8.282734e-05 6.967531e-07
87.357346 2.798897e-01 5.576294e-08 -1.426278e-04 1.034291e-06
87.877258 -1.157845e-01 6.469782e-08 -2.212220e-04 1.857113e-06
88.397171 -5.085950e-01 7.310882e-08 -1.779772e-04 1.302170e-06
88.917084 -8.567783e-01 6.239861e-08 -1.472719e-04 1.079305e-06
89.436996 -1.034385e+00 5.587935e-08 -8.491741e-05 7.156751e-07
89.956909 -9.324573e-01 7.194467e-08 -8.451004e-05 6.171866e-07
90.476822 -6.174867e-01 6.053597e-08 -1.764745e-04 1.296597e-06
90.996735 -2.298013e-01 6.140908e-08 -1.154615e-04 9.753110e-07
91.516647 1.659551e-01 7.468043e-08 -3.683198e-04 2.696290e-06
92.036560 5.569859e-01 8.288771e-08 -2.170981e-04 1.809540e-06
92.556473 8.920498e-01 6.495975e-08 -1.324505e-04 1.110733e-06
93.076385 1.037455e+00 6.193295e-08 -1.740941e-04 1.273983e-06
93.596298 9.011340e-01 8.079223e-08 -1.759049e-04 1.465377e-06
94.116211 5.700457e-01 6.449409e-08 -1.672786e-04 1.401990e-06
94.636124 1.796150e-01 6.408663e-08 -8.396176e-05 6.154877e-07
95.156036 -2.161557e-01 8.509960e-08 -4.339169e-04 3.621928e-06
95.675949 -6.046759e-01 9.383075e-08 -2.103539e-04 1.544232e-06
96.195862 -9.242746e-01 6.682239e-08 -6.970040e-05 5.548848e-07
96.715775 -1.035706e+00 7.078052e-08 -2.966010e-05 2.510761e-07
97.235687 -8.666604e-01 8.079223e-08 -1.284510e-04 9.432255e-07
97.755600 -5.218163e-01 6.891787e-08 -7.896778e-05 5.766983e-07
98.275513 -1.294253e-01 6.967457e-08 -9.643304e-05 7.869299e-07
98.795425 2.662791e-01 8.428469e-08 -5.961538e-04 4.386597e-06
99.315338 6.513672e-01 8.777715e-08 -5.872576e-05 4.780247e-07
99.835251 9.530356e-01 7.380731e-08 -3.544655e-04 2.595403e-06
100.355164 1.029088e+00 8.661300e-08 -2.904421e-04 2.433450e-06
100.875076 8.293042e-01 8.358620e-08 -2.126351e-04 1.567568e-06
101.394989 4.729230e-01 6.903429e-08 -2.230311e-04 1.658844e-06
101.914902 7.918084e-02 6.912160e-08 -2.853936e-04 2.295541e-06
102.434814 -3.163726e-01 9.476207e-08 -5.514849e-04 4.566451e-06
102.954727 -6.969069e-01 1.012813e-07 -4.002798e-04 3.337044e-06
103.474640 -9.780717e-01 7.194467e-08 -2.764178e-04 2.287998e-06
103.994553 -1.017771e+00 8.707866e-08 -3.145214e-04 2.328169e-06
104.514465 -7.894977e-01 8.987263e-08 -4.736672e-04 3.953564e-06
105.034378 -4.235919e-01 7.031485e-08 -5.360437e-04 4.465803e-06
105.554291 -2.896207e-02 8.671486e-08 -6.585934e-04 4.882223e-06
106.074203 3.662858e-01 1.087319e-07 -4.430620e-04 3.289934e-06
106.594116 7.409273e-01 1.073349e-07 -7.448110e-04 5.481330e-06
107.114029 9.989975e-01 9.359792e-08 -2.876127e-04 2.371919e-06
107.633942 1.001814e+00 1.010485e-07 -3.158520e-04 2.345962e-06
108.153854 7.474930e-01 9.546056e-08 -5.122747e-04 3.804286e-06
108.673767 3.738843e-01 7.613562e-08 -1.022601e-03 7.516795e-06
109.193680 -2.130718e-02 9.400537e-08 -1.069139e-03 8.851336e-06
109.713593 -4.160460e-01 1.325971e-07 -1.587728e-04 1.311830e-06
110.233505 -7.832327e-01 1.343433e-07 -4.549040e-04 3.732117e-06
110.753418 -1.015633e+00 1.275912e-07 -8.798167e-04 6.471308e-06
111.273331 -9.815313e-01 1.338776e-07 -7.919882e-04 6.595977e-06
111.793243 -7.037101e-01 1.078006e-07 -1.852529e-04 1.471123e-06
112.313156 -3.239804e-01 9.732321e-08 -1.230757e-03 1.011358e-05
112.833069 7.153331e-02 1.157459e-07 -1.975574e-03 1.461851e-05
113.352982 4.654215e-01 1.862645e-07 -9.414169e-04 7.769821e-06
113.872894 8.233685e-01 1.990702e-07 -5.437986e-04 4.461391e-06
114.392807 1.027632e+00 2.030283e-07 -3.366700e-04 2.746051e-06
114.912720 9.570557e-01 1.753215e-07 -4.761177e-04 3.565914e-06
115.432632 6.583356e-01 1.555309e-07 -1.093036e-03 9.039743e-06
115.952545 2.738670e-01 1.338776e-07 -1.530440e-03 1.144695e-05
116.472458 -1.218262e-01 1.676381e-07 -2.722248e-03 2.251945e-05
116.992371 -5.144579e-01 2.922025e-07 -2.161525e-03 1.598478e-05
117.512283 -8.611787e-01 3.075693e-07 -1.778743e-03 1.314420e-05
118.032196 -1.035010e+00 3.552996e-07 -1.184899e-03 9.782980e-06
118.552109 -9.288430e-01 2.768356e-07 -1.180678e-03 8.772399e-06
119.072021 -6.117933e-01 2.277084e-07 -2.082913e-03 1.537220e-05
119.591934 -2.237427e-01 2.461602e-07 -1.265636e-03 1.030081e-05
120.111847 1.720259e-01 2.255547e-07 -4.385256e-03 3.246465e-05
120.631760 5.627193e-01 5.394686e-07 -2.538278e-03 2.101588e-05
121.151672 8.960072e-01 5.557667e-07 -1.388518e-03 1.130498e-05
121.671585 1.037349e+00 6.090850e-07 -1.868618e-03 1.395505e-05
122.191498 8.969939e-01 3.685709e-07 -2.072277e-03 1.715921e-05
122.711411 5.641115e-01 3.760215e-07 -1.861662e-03 1.515487e-05
123.231323 1.734239e-01 4.252070e-07 -7.181587e-04 5.440520e-06
123.751236 -2.223259e-01 3.969180e-07 -5.234123e-03 4.325550e-05
124.271149 -6.104755e-01 9.699725e-07 -2.107482e-03 1.586257e-05
124.791061 -9.279836e-01 1.041917e-06 -1.168597e-03 9.495734e-06
125.310974 -1.035130e+00 1.093838e-06 -6.839105e-04 5.290065e-06
125.830887 -8.621941e-01 7.385388e-07 -1.084306e-03 8.189986e-06
126.350800 -5.158604e-01 7.217750e-07 -5.728399e-04 4.353770e-06
126.870712 -1.233288e-01 7.523049e-07 -1.306276e-03 1.034294e-05
127.390625 2.723152e-01 8.748611e-07 -6.960075e-03 5.157699e-05
127.910538 6.566414e-01 1.848210e-06 -1.119260e-03 8.636243e-06
128.430634 9.558193e-01 1.943903e-06 -4.319248e-03 3.209945e-05
128.950745 1.027425e+00 1.946930e-06 -3.725649e-03 3.065317e-05
129.470856 8.241878e-01 1.179986e-06 -2.957002e-03 2.217702e-05
129.990967 4.666064e-01 1.301058e-06 -2.997512e-03 2.260297e-05
130.511078 7.281054e-02 1.319160e-06 -3.644283e-03 2.922063e-05
131.031189 -3.226838e-01 2.015615e-06 -6.313550e-03 5.150268e-05
131.551300 -7.024703e-01 3.225403e-06 -5.298453e-03 4.334154e-05
132.071411 -9.808290e-01 3.775582e-06 -2.768796e-03 2.241146e-05
132.591522 -1.015964e+00 3.393739e-06 -3.070891e-03 2.317773e-05
133.111633 -7.843814e-01 2.223998e-06 -5.884426e-03 4.837331e-05
133.631744 -4.176567e-01 2.405024e-06 -6.896084e-03 5.630283e-05
134.151855 -2.305002e-02 2.372042e-06 -7.959633e-03 6.020670e-05
134.671967 3.715518e-01 4.647882e-06 -4.479107e-03 3.392672e-05
135.192078 7.448001e-01 5.792361e-06 -8.720222e-03 6.495546e-05
135.712189 9.993611e-01 7.046154e-06 -4.272225e-03 3.454166e-05
136.232300 9.979403e-01 5.814247e-06 -4.445337e-03 3.368237e-05
136.752411 7.411491e-01 4.241243e-06 -5.548031e-03 4.184824e-05
137.272522 3.670842e-01 4.383968e-06 -1.240014e-02 9.263839e-05
137.792633 -2.799494e-02 4.265392e-06 -1.315147e-02 1.061343e-04
138.312744 -4.226610e-01 9.746407e-06 -2.484867e-03 1.941145e-05
138.832855 -7.882015e-01 1.054723e-05 -4.628608e-03 3.743115e-05
139.352966 -1.017044e+00 1.297472e-05 -1.036457e-02 7.746406e-05
139.873077 -9.784803e-01 9.767478e-06 -9.753779e-03 7.979767e-05
140.393188 -6.984784e-01 8.214265e-06 -2.399031e-03 1.928061e-05
140.913300 -3.188808e-01 8.286792e-06 -1.516524e-02 1.246442e-04
141.433411 7.654884e-02 7.658615e-06 -2.221586e-02 1.688176e-04
141.953522 4.674843e-01 1.927745e-05 -1.182818e-02 9.465372e-05
142.473633 8.230571e-01 1.862645e-05 -7.210710e-03 5.736465e-05
142.993744 1.022222e+00 2.344418e-05 -3.451383e-03 2.826362e-05
143.513855 9.492574e-01 1.601246e-05 -5.655912e-03 4.243641e-05
144.033966 6.497120e-01 1.476496e-05 -1.286225e-02 1.023779e-04
144.554077 2.660061e-01 1.537008e-05 -2.010981e-02 1.498529e-04
145.074188 -1.290902e-01 1.368904e-05 -3.075959e-02 2.453709e-04
145.594299 -5.219267e-01 3.555883e-05 -2.368560e-02 1.806673e-04
146.114410 -8.648384e-01 3.181980e-05 -1.977636e-02 1.504101e-04
146.634521 -1.034480e+00 3.957562e-05 -1.337827e-02 1.060821e-04
147.154633 -9.243098e-01 2.501230e-05 -1.121910e-02 8.581912e-05
147.674744 -6.077952e-01 2.572825e-05 -2.385171e-02 1.814734e-04
148.194855 -2.217379e-01 2.794049e-05 -2.089495e-02 1.718836e-04
148.714966 1.738074e-01 2.274243e-05 -4.183936e-02 3.226502e-04
149.235077 5.555616e-01 6.065588e-05 -2.835461e-02 2.265176e-04
149.755188 8.856237e-01 5.156919e-05 -1.683897e-02 1.367296e-04
150.275299 1.020403e+00 6.038835e-05 -2.200112e-02 1.677977e-04
150.795410 8.827075e-01 3.600214e-05 -2.404748e-02 1.902856e-04
151.315521 5.506716e-01 4.589162e-05 -2.726896e-02 2.204559e-04
151.835632 1.625438e-01 4.592031e-05 -2.690198e-02 1.998758e-04
152.355743 -2.303083e-01 3.835192e-05 -4.716350e-02 3.719500e-04
152.875854 -6.196476e-01 8.956809e-05 -2.410010e-02 1.833334e-04
153.395966 -9.296256e-01 7.332675e-05 -5.860364e-03 4.754472e-05
153.916077 -1.033302e+00 8.090865e-05 -7.251878e-03 5.827773e-05
154.436188 -8.573383e-01 4.717032e-05 -2.300289e-02 1.768065e-04
154.956299 -5.179230e-01 7.467705e-05 -2.626148e-02 1.981605e-04
155.476410 -1.278574e-01 6.696256e-05 -2.813326e-02 2.295802e-04
155.996521 2.661557e-01 6.126286e-05 -4.685444e-02 3.634351e-04
156.516632 6.394396e-01 1.095613e-04 -9.568804e-03 7.837945e-05
157.036743 9.356403e-01 8.659810e-05 -2.325901e-02 1.821503e-04
157.556854 1.002067e+00 1.024166e-04 -1.867380e-02 1.462844e-04
158.076965 8.053762e-01 6.450317e-05 -6.718573e-03 4.863569e-05
158.597076 4.474515e-01 1.064916e-04 -1.414524e-02 1.146627e-04
159.117188 6.069315e-02 8.603069e-05 -3.102024e-02 2.325074e-04
159.637299 -3.333495e-01 9.044982e-05 -3.847701e-02 3.032558e-04
160.157410 -7.135572e-01 1.183345e-04 -1.418532e-02 1.113515e-04
160.677521 -9.839804e-01 1.171490e-04 -2.340437e-02 1.859211e-04
161.197632 -1.020807e+00 1.177930e-04 -2.465559e-02 1.909142e-04
161.717743 -7.862197e-01 8.077547e-05 -1.865156e-02 1.481254e-04
162.237854 -4.310636e-01 1.250540e-04 -1.256559e-02 9.994129e-05
162.757965 -3.634472e-02 1.016520e-04 -2.648463e-02 2.175211e-04
163.278076 3.550961e-01 1.106359e-04 -2.812962e-02 2.169558e-04
163.798187 7.279435e-01 1.037794e-04 -2.205953e-02 1.734049e-04
164.318298 9.746003e-01 1.196677e-04 -1.042040e-02 8.162171e-05
164.838409 9.814494e-01 1.000422e-04 -9.954205e-03 8.248871e-05
165.358521 7.254463e-01 1.005172e-04 -2.457090e-02 1.901839e-04
165.878632 3.535300e-01 1.150609e-04 -2.252272e-02 1.761290e-04
166.398743 -4.098237e-02 1.052585e-04 -2.924946e-02 2.146691e-04
166.918854 -4.325113e-01 1.214505e-04 -1.715449e-02 1.403403e-04
167.438965 -7.911301e-01 7.951423e-05 -1.820384e-02 1.440172e-04
167.959076 -1.024633e+00 1.294622e-04 -1.903003e-02 1.448033e-04
168.479187 -9.872007e-01 9.896164e-05 -1.782761e-02 1.445613e-04
168.999298 -7.121909e-01 1.129368e-04 -1.526613e-02 1.234422e-04
169.519409 -3.319538e-01 9.830168e-05 -3.062516e-02 2.450180e-04
170.039520 6.000244e-02 1.210644e-04 -3.255102e-02 2.581906e-04
170.559631 4.498301e-01 1.213189e-04 -1.942544e-02 1.510821e-04
171.079742 8.081204e-01 8.702371e-05 -1.334799e-02 1.021652e-04
171.599854 9.998471e-01 1.447808e-04 -1.355112e-02 1.058468e-04
172.119965 9.351448e-01 1.086369e-04 -1.744884e-02 1.313250e-04
172.640076 6.368566e-01 1.169040e-04 -1.762515e-02 1.396775e-04
173.160187 2.545151e-01 1.166142e-04 -4.174785e-02 3.018998e-04
173.680298 -1.393102e-01 1.332948e-04 -4.103812e-02 3.283228e-04
174.200409 -5.276299e-01 1.195472e-04 -3.232558e-02 2.516636e-04
174.720520 -8.682704e-01 1.208952e-04 -2.677735e-02 2.077189e-04
175.240631 -1.040684e+00 1.519951e-04 -1.627575e-02 1.277534e-04
175.760742 -9.392659e-01 1.344848e-04 -1.449614e-02 1.172618e-04
176.280853 -6.192790e-01 1.162116e-04 -3.119566e-02 2.376546e-04
176.800964 -2.397754e-01 1.351295e-04 -4.058963e-02 3.410839e-04
177.321075 1.526038e-01 1.366886e-04 -5.023908e-02 3.898532e-04
177.841187 5.395474e-01 1.437739e-04 -3.777441e-02 2.959178e-04
178.361298 8.626992e-01 1.587374e-04 -2.623724e-02 2.050186e-04
178.881409 9.993456e-01 1.620112e-04 -2.899704e-02 2.249882e-04
179.401520 8.699739e-01 1.490782e-04 -2.748886e-02 2.198823e-04
179.921631 5.411434e-01 1.410069e-04 -3.791311e-02 3.013319e-04
180.441742 1.542807e-01 1.465860e-04 -4.743268e-02 3.640089e-04
180.961853 -2.372082e-01 1.442323e-04 -6.035948e-02 4.477634e-04
181.481964 -6.203654e-01 1.655880e-04 -3.039202e-02 2.402335e-04
182.002075 -9.342964e-01 1.894659e-04 -1.125080e-02 8.115485e-05
182.522186 -1.038797e+00 1.759778e-04 -1.770068e-02 1.325895e-04
183.042297 -8.718475e-01 1.483914e-04 -3.012903e-02 2.610428e-04
183.562408 -5.351202e-01 1.667542e-04 -3.628550e-02 3.000321e-04
184.082520 -1.440975e-01 1.491695e-04 -4.688001e-02 3.436650e-04
184.602631 2.431124e-01 1.782548e-04 -5.426226e-02 4.236407e-04
185.122742 6.199220e-01 1.658842e-04 -1.807122e-02 1.376565e-04
185.642853 9.125797e-01 1.978686e-04 -2.499208e-02 1.986486e-04
186.162964 9.903542e-01 1.691037e-04 -1.742386e-02 1.357917e-04
186.683075 7.961017e-01 1.883497e-04 -1.999540e-02 1.374656e-04
187.203186 4.452584e-01 1.771529e-04 -2.848104e-02 2.046303e-04
187.723297 5.985954e-02 1.531558e-04 -4.008367e-02 3.290367e-04
188.243408 -3.403887e-01 2.103524e-04 -5.173820e-02 3.893262e-04
188.763519 -7.066035e-01 1.677005e-04 -2.370021e-02 1.688465e-04
189.283630 -9.938725e-01 2.375494e-04 -3.266576e-02 2.449583e-04
189.803741 -1.024918e+00 1.684558e-04 -3.050640e-02 2.444688e-04
190.323853 -8.097625e-01 2.194210e-04 -2.088781e-02 1.597883e-04
190.843964 -4.480651e-01 1.960160e-04 -1.790321e-02 1.625110e-04
191.364075 -5.857149e-02 1.977217e-04 -5.042270e-02 3.074990e-04
191.884186 3.294996e-01 2.319533e-04 -4.392179e-02 3.017652e-04
192.404297 7.029273e-01 1.910783e-04 -3.527474e-02 2.407937e-04
192.924408 9.402928e-01 2.888928e-04 -2.879703e-02 1.753420e-04
193.444519 9.530185e-01 2.355913e-04 -1.769481e-02 2.108860e-04
193.964630 7.093490e-01 2.427739e-04 -3.200947e-02 2.347648e-04
194.484741 3.430686e-01 2.510737e-04 -2.666460e-02 2.346887e-04
195.004852 -3.976259e-02 1.863966e-04 -9.533015e-02 4.904539e-04
195.524963 -4.387972e-01 2.668896e-04 -4.674520e-02 2.698141e-04
196.045074 -7.927563e-01 4.177785e-04 -5.493898e-02 3.145249e-04
196.565186 -1.031349e+00 7.126296e-04 -3.992724e-02 2.463678e-04
197.085297 -9.981074e-01 5.911957e-04 -2.213011e-02 2.781100e-04
197.605408 -7.268308e-01 3.521151e-04 -4.287267e-02 4.523419e-04
198.125519 -3.714919e-01 3.828726e-04 -3.742693e-02 4.912307e-04
198.645630 3.937370e-02 2.027609e-04 -9.904046e-02 1.257440e-03
199.165741 2.676149e-01 8.558062e-04 -4.951894e-02 3.091533e-04
199.685852 3.464329e-01 1.900104e-03 -6.333506e-02 6.067785e-04
200.205963 4.004769e-01 2.505693e-03 -2.397326e-01 1.211974e-03
200.726074 2.691469e-01 2.763717e-03 -9.810253e-02 1.339082e-03
201.246185 2.510994e-01 1.704514e-03 -1.318265e-01 2.242140e-03
201.766296 4.711496e-02 1.078982e-03 -1.601313e-01 1.029173e-03
202.286407 -1.842706e-01 5.903803e-04 -3.601980e-01 2.238949e-03
202.806519 -5.529427e-01 1.516683e-03 -1.027233e-01 8.299738e-04
203.326630 -8.861256e-01 2.583264e-03 -7.571559e-02 8.567719e-04
203.846741 -1.048457e+00 3.576374e-03 -2.029364e-01 1.341591e-03
204.366852 -9.554062e-01 3.692515e-03 -3.854656e-01 2.919797e-03
204.886963 -6.463678e-01 2.871850e-03 -5.028765e-01 3.268344e-03
205.407074 -2.929598e-01 2.055805e-03 -2.984949e-01 2.945820e-03
205.927185 2.366357e-02 1.719772e-03 -3.199748e-01 2.153523e-03
206.447296 2.218731e-02 2.428407e-03 -2.527128e-01 1.878228e-03
206.967407 -5.917964e-03 3.721599e-03 -2.544855e-01 2.036193e-03
207.487518 -5.229862e-02 4.439794e-03 -3.361437e-01 3.094517e-03
208.007629 -6.529976e-02 3.900832e-03 -5.765995e-01 4.162098e-03
208.527740 -1.356865e-01 2.980964e-03 -4.407960e-01 4.049048e-03
209.047852 -2.950867e-01 2.260890e-03 -5.984444e-01 3.781545e-03
209.567963 -6.021491e-01 2.504588e-03 -4.300519e-01 2.657347e-03
210.088074 -8.969958e-01 3.601764e-03 -3.206991e-01 2.566755e-03
210.608185 -1.110016e+00 4.686351e-03 -2.684784e-01 2.417539e-03
211.128296 -1.103969e+00 4.697789e-03 -4.574869e-01 2.877974e-03
211.648407 -8.898786e-01 3.827662e-03 -6.234478e-01 4.389907e-03
212.168518 -5.988585e-01 3.051195e-03 -3.523300e-01 3.190977e-03
212.688629 -2.805171e-01 2.758213e-03 -3.094378e-01 2.935961e-03
213.208740 -5.254274e-02 3.472429e-03 -3.765970e-01 2.487399e-03
213.728851 -4.966628e-02 4.264799e-03 -3.312990e-01 2.436266e-03
214.248962 -9.313601e-02 4.737169e-03 -2.508925e-01 2.135752e-03
214.769073 -8.329426e-02 4.623800e-03 -4.541737e-01 3.031232e-03
215.289185 -1.532285e-01 4.293809e-03 -3.387242e-01 3.149085e-03
215.809296 -3.337871e-01 3.601730e-03 -3.999789e-01 3.118108e-03
216.329407 -5.340140e-01 2.898144e-03 -3.836839e-01 2.797598e-03
216.849518 -8.753892e-01 3.672167e-03 -3.065161e-01 2.250339e-03
217.369629 -9.977838e-01 4.225971e-03 -3.837537e-01 2.482642e-03
217.889740 -1.074971e+00 4.556897e-03 -4.209521e-01 2.651331e-03
218.409851 -1.063887e+00 4.459520e-03 -4.132515e-01 2.505965e-03
218.929962 -8.610776e-01 3.766744e-03 -3.108983e-01 2.688897e-03
219.450073 -4.754644e-01 3.237712e-03 -3.671599e-01 3.055806e-03
219.970184 -2.877258e-01 3.387904e-03 -3.049634e-01 2.687913e-03
220.490295 -9.918126e-02 3.385867e-03 -2.872547e-01 2.177918e-03
221.010406 -4.313040e-02 4.116693e-03 -2.980734e-01 2.219191e-03
221.530518 -7.744586e-02 4.536700e-03 -3.484619e-01 2.558417e-03
222.050629 -3.645478e-02 4.227684e-03 -2.861271e-01 2.687889e-03
222.570740 -2.383488e-01 4.235204e-03 -3.425995e-01 2.675203e-03
223.090851 -4.305011e-01 3.533148e-03 -3.593831e-01 3.021994e-03
223.610962 -7.165279e-01 3.646440e-03 -4.304280e-01 2.913133e-03
224.131073 -7.929657e-01 3.346204e-03 -2.841467e-01 2.521825e-03
224.651184 -1.096090e+00 4.724379e-03 -3.093012e-01 2.826235e-03
225.171295 -1.111759e+00 4.774963e-03 -3.358642e-01 2.728971e-03
225.691406 -9.915751e-01 4.528810e-03 -3.897499e-01 2.774010e-03
226.211517 -6.983535e-01 3.539969e-03 -3.858267e-01 2.760352e-03
226.731628 -4.078400e-01 3.156751e-03 -3.909347e-01 2.701162e-03
227.251740 -1.258776e-01 2.792803e-03 -2.823279e-01 2.322142e-03
227.771851 -1.447140e-01 3.943580e-03 -2.945577e-01 2.404479e-03
228.291962 -6.588648e-02 4.478312e-03 -2.872080e-01 2.236767e-03
228.812073 -2.458367e-01 5.159876e-03 -3.499691e-01 2.307856e-03
229.332184 -3.524758e-01 5.038528e-03 -3.421560e-01 2.555615e-03
229.852295 -4.304006e-01 4.520641e-03 -3.252230e-01 2.429195e-03
230.372406 -4.649319e-01 3.764953e-03 -3.800797e-01 2.687242e-03
230.892517 -6.991211e-01 3.442566e-03 -3.572728e-01 2.798265e-03
231.412628 -1.036000e+00 5.126831e-03 -2.597188e-01 2.576299e-03
231.932739 -1.059683e+00 4.977944e-03 -2.627693e-01 2.517944e-03
232.452850 -1.106261e+00 5.186756e-03 -2.683402e-01 2.443762e-03
232.972961 -1.020438e+00 5.051448e-03 -3.192388e-01 2.436634e-03
233.493073 -6.785943e-01 4.148131e-03 -3.040992e-01 2.460933e-03
234.013184 -3.557321e-01 3.760115e-03 -4.124676e-01 2.718176e-03
234.533295 -2.029696e-01 3.854387e-03 -4.364851e-01 3.093646e-03
235.053406 -1.292830e-01 4.042759e-03 -3.764131e-01 3.014729e-03
235.573517 -2.538154e-01 4.992095e-03 -2.955161e-01 2.487993e-03
236.093628 -2.491321e-01 5.069836e-03 -2.303287e-01 2.408126e-03
236.613739 -3.002260e-01 4.855137e-03 -3.268785e-01 2.939049e-03
237.133850 -3.787510e-01 4.524207e-03 -4.355766e-01 2.938993e-03
237.653961 -6.925982e-01 4.704698e-03 -2.966670e-01 2.269487e-03
238.174072 -8.685855e-01 4.374647e-03 -3.301410e-01 2.445192e-03
238.694183 -9.270126e-01 4.349633e-03 -4.675268e-01 2.896358e-03
239.214294 -1.067817e+00 4.931994e-03 -3.454204e-01 2.626398e-03
239.734406 -1.100502e+00 5.104451e-03 -2.913083e-01 2.424030e-03
240.254517 -9.652097e-01 5.048441e-03 -3.704967e-01 2.756889e-03
240.774628 -7.927512e-01 5.144733e-03 -3.114302e-01 2.567231e-03
241.294739 -4.639597e-01 4.796090e-03 -3.009434e-01 2.919208e-03
241.814850 -1.954609e-01 4.018048e-03 -3.082923e-01 2.490958e-03
242.334961 -2.149615e-01 4.376109e-03 -3.288237e-01 2.655204e-03
242.855072 -1.907818e-01 4.967391e-03 -2.954767e-01 2.578720e-03
243.375183 -2.647951e-01 5.246400e-03 -3.528853e-01 2.780064e-03
243.895294 -3.977716e-01 5.207635e-03 -3.417499e-01 2.544593e-03
244.415405 -4.384405e-01 4.606038e-03 -3.911204e-01 2.545921e-03
244.935516 -5.447893e-01 4.234008e-03 -3.780529e-01 2.714474e-03
245.455627 -8.172136e-01 4.134745e-03 -4.261190e-01 3.123736e-03
245.975739 -1.022449e+00 4.879353e-03 -2.980787e-01 2.440524e-03
246.495850 -1.065395e+00 5.324634e-03 -2.584197e-01 2.233736e-03
247.015961 -1.047989e+00 4.991301e-03 -2.802204e-01 2.347483e-03
247.536072 -8.969305e-01 4.324321e-03 -2.809217e-01 2.503667e-03
248.056183 -6.979122e-01 4.040227e-03 -3.895929e-01 2.962708e-03
248.576294 -4.802409e-01 4.099612e-03 -3.510792e-01 2.607882e-03
249.096405 -2.196293e-01 4.107373e-03 -3.206725e-01 2.385830e-03
249.616516 -1.783507e-01 4.571883e-03 -3.857054e-01 2.977062e-03
250.136627 -1.751813e-01 4.710000e-03 -3.986053e-01 2.968958e-03
250.656738 -1.626701e-01 4.608086e-03 -3.699259e-01 2.417614e-03
251.176849 -1.855450e-01 4.152479e-03 -3.425089e-01 2.661247e-03
251.696960 -2.317545e-01 3.509289e-03 -3.940088e-01 2.610482e-03
252.217072 -5.600754e-01 3.794500e-03 -3.253590e-01 2.405024e-03
252.737183 -7.623614e-01 3.822507e-03 -3.485419e-01 2.632903e-03
253.257294 -9.613577e-01 4.627890e-03 -3.068830e-01 2.893171e-03
253.777405 -1.049085e+00 4.623118e-03 -3.308002e-01 2.698625e-03
254.297516 -9.709227e-01 4.467842e-03 -2.652560e-01 2.379609e-03
254.817627 -8.973603e-01 4.166946e-03 -2.732844e-01 2.577294e-03
255.337738 -7.384750e-01 3.905627e-03 -3.404184e-01 2.698884e-03
255.857849 -4.752501e-01 3.385977e-03 -3.089530e-01 2.702986e-03
256.377655 -2.482570e-01 3.663757e-03 -2.846639e-01 2.232504e-03
256.897369 -2.952055e-01 4.459315e-03 -3.088829e-01 2.431766e-03
257.417084 -2.185161e-01 4.462557e-03 -3.169235e-01 2.594287e-03
257.936798 -2.294455e-01 4.715614e-03 -3.663316e-01 2.686946e-03
258.456512 -2.222487e-01 4.187806e-03 -3.243857e-01 2.622078e-03
258.976227 -2.728727e-01 4.003527e-03 -3.358156e-01 2.549199e-03
259.495941 -3.716290e-01 3.251681e-03 -3.225051e-01 2.599916e-03
260.015656 -5.589927e-01 3.106433e-03 -2.646542e-01 2.445344e-03
260.535370 -8.125871e-01 4.043558e-03 -2.643214e-01 2.490901e-03
261.055084 -9.334884e-01 4.374848e-03 -2.686945e-01 2.327963e-03
261.574799 -9.629641e-01 4.606374e-03 -3.306088e-01 2.517526e-03
262.094513 -9.052292e-01 4.380772e-03 -4.146914e-01 2.635997e-03
262.614227 -7.205464e-01 3.752786e-03 -3.919866e-01 2.649096e-03
263.133942 -5.012670e-01 3.447275e-03 -3.984219e-01 2.556007e-03
263.653656 -2.503114e-01 3.178156e-03 -3.954560e-01 2.748900e-03
264.173370 -3.015115e-01 3.841819e-03 -3.312794e-01 2.649399e-03
264.693085 -2.555942e-01 4.463009e-03 -2.942342e-01 2.305722e-03
265.212799 -2.098035e-01 4.550888e-03 -2.437316e-01 2.372920e-03
265.732513 -2.273583e-01 4.633553e-03 -2.689565e-01 2.569043e-03
266.252228 -2.547597e-01 3.952897e-03 -3.089292e-01 2.516081e-03
266.771942 -3.160510e-01 3.061784e-03 -2.876911e-01 2.585642e-03
267.291656 -4.704480e-01 2.786966e-03 -3.114372e-01 2.454592e-03
267.811371 -7.091068e-01 3.608780e-03 -2.820471e-01 2.229366e-03
268.331085 -9.042742e-01 4.488959e-03 -3.677975e-01 2.392525e-03
268.850800 -9.816015e-01 4.589746e-03 -4.367613e-01 3.041927e-03
269.370514 -9.578210e-01 4.710666e-03 -4.413553e-01 2.896905e-03
269.890228 -8.192928e-01 4.371335e-03 -3.625712e-01 2.468715e-03
270.409943 -5.267505e-01 3.409603e-03 -3.193465e-01 2.288096e-03
270.929657 -2.947183e-01 3.286372e-03 -2.763605e-01 2.532027e-03
271.449371 -2.819131e-01 3.909089e-03 -3.166790e-01 2.531214e-03
271.969086 -2.664702e-01 4.422155e-03 -3.127647e-01 2.730204e-03
272.488800 -2.124575e-01 4.874210e-03 -2.813585e-01 2.602547e-03
273.008514 -2.315846e-01 4.665792e-03 -2.470986e-01 2.386751e-03
273.528229 -2.202270e-01 3.795967e-03 -3.025430e-01 2.684520e-03
274.047943 -3.231780e-01 3.494240e-03 -3.012224e-01 2.460517e-03
274.567657 -5.832118e-01 3.649393e-03 -3.803084e-01 2.692896e-03
275.087372 -7.322833e-01 3.683802e-03 -3.886661e-01 2.669608e-03
275.607086 -8.330757e-01 4.063739e-03 -3.173449e-01 2.376636e-03
276.126801 -9.372159e-01 4.766758e-03 -4.180711e-01 2.773411e-03
276.646515 -9.101530e-01 4.282039e-03 -2.797839e-01 2.487289e-03
277.166229 -8.565329e-01 4.504672e-03 -2.840484e-01 2.449406e-03
277.685944 -6.160930e-01 4.139900e-03 -3.346816e-01 2.923456e-03
278.205658 -3.622587e-01 3.493364e-03 -3.184341e-01 2.759936e-03
278.725372 -2.312706e-01 3.529921e-03 -2.733290e-01 2.389687e-03
279.245087 -2.260576e-01 4.132131e-03 -2.762463e-01 2.418621e-03
279.764801 -2.293185e-01 4.470677e-03 -2.864329e-01 2.718748e-03
280.284515 -2.647320e-01 4.593457e-03 -3.940347e-01 2.684535e-03
280.804230 -3.912399e-01 4.626776e-03 -3.829762e-01 2.499086e-03
281.323944 -3.687903e-01 3.678576e-03 -3.240062e-01 2.205901e-03
281.843658 -5.102834e-01 3.182632e-03 -2.803076e-01 2.296626e-03
282.363373 -6.370674e-01 3.282485e-03 -4.330191e-01 2.766561e-03
282.883087 -7.593310e-01 4.124906e-03 -3.023518e-01 2.487335e-03
283.402802 -9.163143e-01 4.706408e-03 -2.486396e-01 2.420462e-03
283.922516 -9.542328e-01 4.608206e-03 -2.270576e-01 2.209412e-03
284.442230 -8.046117e-01 4.297279e-03 -2.759789e-01 2.398552e-03
284.961945 -6.332309e-01 3.902351e-03 -3.422256e-01 2.598947e-03
285.481659 -3.103230e-01 3.187451e-03 -2.943543e-01 2.410103e-03
286.001373 -2.761681e-01 3.416505e-03 -3.548022e-01 2.419250e-03
286.521088 -2.311103e-01 4.186425e-03 -3.865573e-01 2.595484e-03
287.040802 -2.556187e-01 4.826185e-03 -4.025116e-01 2.539237e-03
287.560516 -2.310867e-01 4.628798e-03 -3.228630e-01 2.262228e-03
288.080231 -3.822711e-01 4.503319e-03 -3.526627e-01 2.550717e-03
288.599945 -3.492367e-01 3.478843e-03 -3.003458e-01 2.334461e-03
289.119659 -4.364760e-01 2.674158e-03 -3.224006e-01 2.690034e-03
289.639374 -6.312681e-01 3.600465e-03 -3.073604e-01 2.727540e-03
290.159088 -8.111340e-01 4.107909e-03 -2.573967e-01 2.275276e-03
290.678802 -9.653726e-01 4.825193e-03 -2.830211e-01 2.267186e-03
291.198517 -9.212111e-01 4.747655e-03 -3.032573e-01 2.486103e-03
291.718231 -7.603760e-01 3.770605e-03 -3.315916e-01 2.580028e-03
292.237946 -5.283275e-01 2.955721e-03 -2.958067e-01 2.477658e-03
292.757660 -3.029370e-01 2.666207e-03 -3.145607e-01 2.495574e-03
293.277374 -2.518682e-01 3.474521e-03 -3.455136e-01 2.515019e-03
293.797089 -2.310608e-01 4.672805e-03 -3.518766e-01 2.504256e-03
294.316803 -1.894974e-01 4.497279e-03 -3.503616e-01 2.598098e-03
294.836517 -2.240256e-01 4.472690e-03 -3.037134e-01 2.543004e-03
295.356232 -2.409883e-01 3.731997e-03 -3.166776e-01 2.578788e-03
295.875946 -2.494196e-01 2.917841e-03 -2.959479e-01 2.345832e-03
296.395660 -4.182810e-01 3.044415e-03 -3.442578e-01 2.583255e-03
296.915375 -6.183481e-01 3.273830e-03 -3.650080e-01 2.926101e-03
297.435089 -8.677001e-01 4.279203e-03 -3.392021e-01 2.805043e-03
297.954803 -1.020736e+00 4.808717e-03 -3.207821e-01 2.560399e-03
298.474518 -9.002953e-01 4.498840e-03 -3.177905e-01 2.374534e-03
298.994232 -7.930567e-01 4.028753e-03 -3.030833e-01 2.493229e-03
299.513947 -5.188283e-01 3.543886e-03 -3.853547e-01 2.668723e-03
300.033661 -2.855339e-01 2.726063e-03 -5.196939e-01 3.552800e-03
300.553375 -2.948168e-01 3.570019e-03 -3.047346e-01 2.533263e-03
301.073090 -2.457218e-01 4.376818e-03 -2.902633e-01 2.302868e-03
301.592804 -2.843031e-01 4.556304e-03 -2.966798e-01 2.359175e-03
302.112518 -3.009481e-01 4.786617e-03 -2.759802e-01 2.630841e-03
302.632233 -2.809944e-01 4.284752e-03 -3.524509e-01 3.124789e-03
303.151947 -2.851970e-01 3.657692e-03 -3.767753e-01 2.886039e-03
303.671661 -3.226897e-01 2.925740e-03 -3.265581e-01 2.676080e-03
304.191376 -5.469206e-01 3.094442e-03 -3.108727e-01 2.417106e-03
304.711090 -6.966487e-01 3.638016e-03 -3.501539e-01 2.326537e-03
305.230804 -9.317090e-01 4.711399e-03 -3.080071e-01 2.434311e-03
305.750519 -1.002272e+00 4.979120e-03 -2.890984e-01 2.502147e-03
306.270233 -9.267375e-01 4.636317e-03 -3.134366e-01 2.690850e-03
306.789948 -6.705795e-01 3.719484e-03 -2.885502e-01 2.352733e-03
307.309662 -3.322762e-01 2.511345e-03 -2.458711e-01 2.323385e-03
307.829376 -2.660671e-01 2.895660e-03 -2.362768e-01 2.198829e-03
308.349091 -2.261417e-01 3.963001e-03 -2.663440e-01 2.165913e-03
308.868805 -2.528271e-01 5.090931e-03 -4.122656e-01 2.726683e-03
309.388519 -2.415728e-01 4.817967e-03 -3.581006e-01 2.550234e-03
309.908234 -3.201754e-01 4.719675e-03 -4.125256e-01 2.748734e-03
310.427948 -3.134809e-01 3.583277e-03 -3.351279e-01 2.443609e-03
310.947662 -2.857217e-01 2.435784e-03 -3.324881e-01 2.420279e-03
311.467377 -5.586930e-01 3.048719e-03 -3.329407e-01 2.490338e-03
311.987091 -8.285317e-01 4.374370e-03 -3.027757e-01 2.221782e-03
312.506805 -1.025811e+00 4.972895e-03 -3.687618e-01 2.656740e-03
313.026520 -9.804776e-01 4.833856e-03 -2.532111e-01 2.080239e-03
313.546234 -8.598914e-01 4.383735e-03 -2.825694e-01 2.637650e-03
314.065948 -5.719349e-01 3.278639e-03 -2.977930e-01 2.852844e-03
314.585663 -3.350556e-01 2.767632e-03 -2.854424e-01 2.305591e-03
315.105377 -2.483972e-01 3.254894e-03 -3.325423e-01 2.433626e-03
315.625092 -2.713240e-01 4.324291e-03 -3.704157e-01 2.644475e-03
316.144806 -2.783430e-01 4.847273e-03 -4.025514e-01 2.570855e-03
316.664520 -2.097416e-01 4.498714e-03 -3.898617e-01 2.458980e-03
317.184235 -2.298062e-01 4.136949e-03 -3.085327e-01 2.440105e-03
317.703949 -2.880681e-01 3.363259e-03 -2.695106e-01 2.416584e-03
318.223663 -3.314480e-01 2.470620e-03 -3.019325e-01 2.570905e-03
318.743378 -6.065124e-01 3.426661e-03 -2.520399e-01 2.325126e-03
319.263092 -8.514673e-01 4.304703e-03 -2.723923e-01 2.385207e-03
319.782806 -1.025241e+00 4.950980e-03 -2.727718e-01 2.285497e-03
320.302521 -9.810998e-01 4.918292e-03 -3.019796e-01 2.261140e-03
320.822235 -8.760582e-01 4.316740e-03 -3.590684e-01 2.500875e-03
321.341949 -5.829610e-01 3.294956e-03 -3.075564e-01 2.347057e-03
321.861664 -3.511680e-01 3.138077e-03 -2.904867e-01 2.305902e-03
322.381378 -3.166876e-01 3.962148e-03 -3.054135e-01 2.215383e-03
322.901093 -2.432480e-01 3.887635e-03 -3.103822e-01 2.300770e-03
323.420807 -2.512728e-01 4.486895e-03 -3.050131e-01 2.299373e-03
323.940521 -2.453331e-01 4.643009e-03 -3.105055e-01 2.543967e-03
324.460236 -2.300984e-01 4.263096e-03 -2.928337e-01 2.244040e-03
324.979950 -2.683326e-01 3.334302e-03 -2.734563e-01 2.204968e-03
325.499664 -3.671388e-01 2.789718e-03 -2.731754e-01 2.430875e-03
326.019379 -5.182196e-01 3.018372e-03 -2.974640e-01 2.477788e-03
326.539093 -7.270015e-01 3.928104e-03 -2.653021e-01 2.256663e-03
327.058807 -9.135222e-01 4.367611e-03 -2.661283e-01 2.098754e-03
327.578522 -9.698773e-01 4.652187e-03 -3.574883e-01 2.352199e-03
328.098236 -8.027129e-01 4.117533e-03 -3.755174e-01 2.584761e-03
328.617950 -6.528284e-01 3.610926e-03 -4.368331e-01 2.809609e-03
329.137665 -3.532417e-01 2.605944e-03 -3.430580e-01 2.483275e-03
329.657379 -2.463363e-01 2.800749e-03 -2.783116e-01 2.178240e-03
330.177094 -2.109917e-01 3.559126e-03 -3.112413e-01 2.253538e-03
330.696808 -2.456704e-01 4.403865e-03 -3.220425e-01 2.416467e-03
331.216522 -2.365541e-01 4.735251e-03 -3.097650e-01 2.515467e-03
331.736237 -2.706405e-01 4.541029e-03 -2.927408e-01 2.421175e-03
332.255951 -3.246820e-01 3.986765e-03 -3.420245e-01 2.436602e-03
332.775665 -2.982168e-01 2.630550e-03 -2.692122e-01 2.076421e-03
333.295380 -3.770075e-01 2.423218e-03 -3.102379e-01 2.367714e-03
333.815094 -6.831157e-01 3.404255e-03 -3.323320e-01 2.408636e-03
334.334808 -8.988643e-01 4.621742e-03 -3.192484e-01 2.399360e-03
334.854523 -1.006156e+00 4.969985e-03 -2.641341e-01 2.122894e-03
335.374237 -8.936550e-01 4.547583e-03 -2.610793e-01 2.071531e-03
335.893951 -7.314252e-01 3.937407e-03 -2.951683e-01 2.252840e-03
336.413666 -4.138221e-01 2.789901e-03 -2.542862e-01 2.103203e-03
336.933380 -2.515683e-01 2.489386e-03 -2.815243e-01 2.274022e-03
337.453094 -2.513679e-01 3.810260e-03 -3.083149e-01 2.584971e-03
337.972809 -3.199851e-01 4.945380e-03 -3.278242e-01 2.618834e-03
338.492523 -2.642123e-01 4.729415e-03 -2.957731e-01 2.313068e-03
339.012238 -2.349648e-01 4.350603e-03 -3.061998e-01 2.490850e-03
339.531952 -2.411706e-01 3.885202e-03 -2.975004e-01 2.220916e-03
340.051666 -2.881909e-01 2.801952e-03 -3.592325e-01 2.481158e-03
340.571381 -3.493088e-01 2.445958e-03 -3.632784e-01 2.535935e-03
341.091095 -5.807117e-01 3.240274e-03 -3.012038e-01 2.341719e-03
341.610809 -8.273532e-01 4.219309e-03 -2.986364e-01 2.128455e-03
342.130524 -9.273874e-01 4.822285e-03 -3.080451e-01 2.478508e-03
342.650238 -9.167616e-01 4.633348e-03 -3.387122e-01 2.529891e-03
343.169952 -6.732001e-01 3.664508e-03 -2.839343e-01 2.322047e-03
343.689667 -4.413516e-01 2.556872e-03 -2.728889e-01 2.314833e-03
344.209381 -2.987747e-01 2.173117e-03 -2.641235e-01 2.529872e-03
344.729095 -2.970545e-01 3.300756e-03 -2.842116e-01 2.227502e-03
345.248810 -2.679564e-01 4.159021e-03 -3.178264e-01 2.527544e-03
345.768524 -3.023316e-01 4.679567e-03 -2.959186e-01 2.349362e-03
346.288239 -2.233713e-01 4.255458e-03 -3.183847e-01 2.238125e-03
346.807953 -2.531403e-01 3.646136e-03 -2.909397e-01 2.271184e-03
347.327667 -2.603463e-01 2.846628e-03 -2.598278e-01 2.193499e-03
347.847382 -2.388272e-01 1.980616e-03 -2.690505e-01 2.279855e-03
348.367096 -5.221766e-01 3.208568e-03 -2.777663e-01 2.171366e-03
348.886810 -7.283191e-01 4.082757e-03 -3.002604e-01 2.448393e-03
349.406525 -8.214012e-01 4.226014e-03 -2.471104e-01 2.151723e-03
349.926239 -8.289973e-01 4.194105e-03 -2.674719e-01 2.010218e-03
350.445953 -7.036213e-01 3.525478e-03 -3.020533e-01 2.274445e-03
350.965668 -4.509582e-01 2.620322e-03 -3.126673e-01 2.175363e-03
351.485382 -3.364965e-01 2.349878e-03 -3.286868e-01 2.356195e-03
352.005096 -2.524704e-01 2.671176e-03 -3.087517e-01 2.245788e-03
352.524811 -2.075655e-01 3.393543e-03 -2.979303e-01 2.101019e-03
353.044525 -1.977974e-01 3.985524e-03 -2.759460e-01 2.228927e-03
353.564240 -2.338040e-01 4.267014e-03 -2.943401e-01 2.101806e-03
354.083954 -2.263945e-01 3.596717e-03 -2.592427e-01 2.403431e-03
354.603668 -3.155130e-01 3.164002e-03 -2.576746e-01 2.340249e-03
355.123383 -2.572396e-01 2.142551e-03 -2.577522e-01 2.070831e-03
355.643097 -4.265588e-01 2.603197e-03 -3.081870e-01 2.244111e-03
356.162811 -5.816535e-01 3.193331e-03 -2.660947e-01 2.155082e-03
356.682526 -7.267935e-01 3.824531e-03 -2.900673e-01 2.436851e-03
357.202240 -7.863096e-01 4.060204e-03 -2.810034e-01 2.192673e-03
357.721954 -7.680091e-01 4.201882e-03 -2.823253e-01 2.207788e-03
358.241669 -5.629271e-01 3.274852e-03 -2.753416e-01 2.330692e-03
358.761383 -3.474262e-01 2.497231e-03 -3.009115e-01 2.269270e-03
359.281097 -2.652431e-01 2.498502e-03 -3.308053e-01 2.458543e-03
359.800812 -2.233617e-01 3.130479e-03 -3.199334e-01 2.464485e-03
360.320526 -2.477959e-01 3.837153e-03 -2.609066e-01 2.119204e-03
360.840240 -2.490405e-01 3.927434e-03 -2.601013e-01 2.246678e-03
361.359955 -2.226635e-01 3.748809e-03 -2.959648e-01 2.636791e-03
361.879669 -2.721775e-01 3.228392e-03 -3.102545e-01 2.458365e-03
362.399384 -3.299232e-01 2.826612e-03 -3.724556e-01 2.731779e-03
362.919098 -4.520029e-01 2.880397e-03 -2.856773e-01 2.379589e-03
363.438812 -5.342783e-01 2.970113e-03 -2.792069e-01 2.129194e-03
363.958527 -7.467470e-01 4.060769e-03 -2.926143e-01 2.509617e-03
364.478241 -8.017494e-01 4.090744e-03 -2.994932e-01 2.351402e-03
364.997955 -7.217598e-01 3.944753e-03 -3.064646e-01 2.485960e-03
365.517670 -5.584723e-01 3.409511e-03 -3.340882e-01 2.404895e-03
366.037384 -3.043186e-01 2.697748e-03 -3.567852e-01 2.720164e-03
366.557098 -2.611542e-01 2.542134e-03 -3.114635e-01 2.397442e-03
367.076813 -2.347582e-01 3.438297e-03 -3.855713e-01 2.830108e-03
367.596527 -3.006248e-01 4.367940e-03 -2.768704e-01 2.445473e-03
368.116241 -2.602701e-01 4.521197e-03 -2.979997e-01 2.322671e-03
368.635956 -2.615198e-01 4.376056e-03 -2.678517e-01 2.182843e-03
369.155670 -3.017095e-01 3.648344e-03 -3.439743e-01 2.559092e-03
369.675385 -2.883530e-01 2.631551e-03 -3.565583e-01 2.483577e-03
370.195099 -4.227993e-01 2.505001e-03 -3.670622e-01 2.817393e-03
370.714813 -5.866016e-01 3.499080e-03 -2.966919e-01 2.377730e-03
371.234528 -8.388553e-01 4.298958e-03 -2.790172e-01 2.370041e-03
371.754242 -8.908815e-01 4.582451e-03 -2.965876e-01 2.390391e-03
372.273956 -8.105674e-01 4.304356e-03 -2.870233e-01 2.461953e-03
372.793671 -6.136530e-01 3.349534e-03 -3.555183e-01 2.551856e-03
373.313385 -4.228283e-01 2.608682e-03 -3.237343e-01 2.470040e-03
373.833099 -3.340760e-01 2.727491e-03 -3.089367e-01 2.542260e-03
374.352814 -2.880572e-01 3.367449e-03 -3.010012e-01 2.482901e-03
374.872528 -3.155537e-01 4.131050e-03 -2.835047e-01 2.277444e-03
375.392242 -2.301567e-01 4.212136e-03 -3.161571e-01 2.422935e-03
375.911957 -2.348925e-01 4.051181e-03 -3.308648e-01 2.396648e-03
376.431671 -2.624350e-01 3.481876e-03 -3.235998e-01 2.465146e-03
376.951385 -2.274939e-01 2.589611e-03 -3.172580e-01 2.275857e-03
377.471100 -3.139820e-01 2.330788e-03 -3.448840e-01 2.454673e-03
377.990814 -4.968325e-01 2.960871e-03 -2.876234e-01 2.178198e-03
378.510529 -6.673922e-01 3.738636e-03 -3.549994e-01 2.616800e-03
379.030243 -8.354017e-01 4.237285e-03 -3.503255e-01 2.797692e-03
379.549957 -7.901617e-01 3.909901e-03 -2.703039e-01 2.333015e-03
380.069672 -6.888398e-01 3.611382e-03 -3.266134e-01 2.401742e-03
380.589386 -4.881672e-01 2.914436e-03 -3.119926e-01 2.668462e-03
381.109100 -2.633171e-01 2.458913e-03 -3.280717e-01 2.465148e-03
381.628815 -3.129893e-01 3.358908e-03 -3.047170e-01 2.284983e-03
382.148529 -2.462970e-01 3.695196e-03 -3.646880e-01 2.545531e-03
382.668243 -3.059873e-01 4.512437e-03 -3.488464e-01 2.552839e-03
383.187958 -2.949812e-01 4.327208e-03 -3.185497e-01 2.310643e-03
383.707672 -2.638033e-01 3.751976e-03 -3.014573e-01 2.276158e-03
384.227386 -2.400694e-01 2.831958e-03 -3.543243e-01 2.624317e-03
384.747101 -2.738733e-01 2.275677e-03 -2.761164e-01 2.521124e-03
385.266815 -4.490178e-01 2.777586e-03 -3.121364e-01 2.773104e-03
385.786530 -6.603449e-01 3.588697e-03 -2.796182e-01 2.226055e-03
386.306244 -8.283384e-01 4.111715e-03 -2.500535e-01 2.257378e-03
386.825958 -8.074769e-01 4.212284e-03 -2.643578e-01 2.158036e-03
387.345673 -7.089529e-01 3.605761e-03 -2.939208e-01 2.376769e-03
387.865387 -4.748333e-01 2.752982e-03 -3.022821e-01 2.402540e-03
388.385101 -3.120097e-01 2.251993e-03 -2.739593e-01 2.224276e-03
388.904816 -2.700681e-01 2.979634e-03 -3.210572e-01 2.345184e-03
389.424530 -2.556017e-01 3.584585e-03 -3.342799e-01 2.284770e-03
389.944244 -2.390101e-01 3.935529e-03 -3.200381e-01 2.493728e-03
390.463959 -2.577059e-01 4.069343e-03 -2.803237e-01 2.417466e-03
390.983673 -2.323301e-01 3.501356e-03 -3.075075e-01 2.370451e-03
391.503387 -2.189763e-01 2.999316e-03 -2.521985e-01 2.415169e-03
392.023102 -2.937531e-01 2.429755e-03 -2.537903e-01 2.342341e-03
392.542816 -4.429899e-01 2.669712e-03 -3.532315e-01 2.680039e-03
393.062531 -6.159999e-01 3.612363e-03 -3.282185e-01 2.449715e-03
393.582245 -7.504956e-01 3.900235e-03 -3.124871e-01 2.493009e-03
394.101959 -7.509086e-01 3.777735e-03 -2.787981e-01 2.180696e-03
394.621674 -6.583048e-01 3.423668e-03 -2.940820e-01 2.276720e-03
395.141388 -5.316887e-01 3.061616e-03 -2.919591e-01 2.275196e-03
395.661102 -2.773179e-01 2.113000e-03 -2.995058e-01 2.280787e-03
396.180817 -2.298103e-01 2.488222e-03 -3.217412e-01 2.736563e-03
396.700531 -2.326201e-01 3.442014e-03 -3.114581e-01 2.473741e-03
397.220245 -2.479126e-01 3.945776e-03 -3.027940e-01 2.487149e-03
397.739960 -2.389708e-01 4.012594e-03 -2.841249e-01 2.151984e-03
398.259674 -2.530547e-01 3.692078e-03 -2.850716e-01 2.172470e-03
398.779388 -3.000460e-01 3.125199e-03 -2.971161e-01 2.417575e-03
399.299103 -2.869504e-01 2.259532e-03 -2.588023e-01 2.392764e-03
399.818817 -3.651848e-01 2.533395e-03 -2.853464e-01 2.407130e-03
400.338531 -5.712287e-01 3.105303e-03 -2.956001e-01 2.301075e-03
400.858246 -7.098504e-01 3.758254e-03 -2.703106e-01 2.078388e-03
401.377960 -7.373474e-01 3.971311e-03 -3.184130e-01 2.353779e-03
401.897675 -6.524428e-01 3.715354e-03 -3.232818e-01 2.460560e-03
402.417389 -5.784050e-01 3.449460e-03 -3.531663e-01 2.439635e-03
402.937103 -2.796306e-01 2.289434e-03 -3.433591e-01 2.386950e-03
403.456818 -2.367926e-01 2.511023e-03 -3.020271e-01 2.362991e-03
403.976532 -2.879386e-01 3.272344e-03 -3.159394e-01 2.387725e-03
404.496246 -2.828788e-01 3.925121e-03 -2.991784e-01 2.538264e-03
405.015961 -2.483900e-01 3.899779e-03 -3.097688e-01 2.518503e-03
405.535675 -2.748251e-01 3.900156e-03 -2.956669e-01 2.515228e-03
406.055389 -2.320678e-01 2.924061e-03 -2.687434e-01 2.100405e-03
406.575104 -3.103553e-01 2.429374e-03 -3.068489e-01 2.329275e-03
407.094818 -3.626035e-01 2.457139e-03 -3.063962e-01 2.248640e-03
407.614532 -6.010880e-01 3.392430e-03 -2.948313e-01 2.236577e-03
408.134247 -7.863588e-01 3.901420e-03 -3.354035e-01 2.577423e-03
408.653961 -7.988204e-01 4.081126e-03 -3.102161e-01 2.186398e-03
409.173676 -7.134168e-01 3.737467e-03 -2.958513e-01 2.286954e-03
409.693390 -5.564399e-01 3.156729e-03 -2.396979e-01 2.251229e-03
410.213104 -3.312370e-01 2.286127e-03 -2.592641e-01 2.287128e-03
410.732819 -2.867485e-01 2.536632e-03 -2.861264e-01 2.470935e-03
411.252533 -2.680331e-01 3.084055e-03 -2.661498e-01 2.177941e-03
411.772247 -2.648986e-01 3.878542e-03 -2.150925e-01 1.860596e-03
412.291962 -2.469455e-01 3.978987e-03 -2.856951e-01 2.165178e-03
412.811676 -2.526600e-01 3.891599e-03 -3.252290e-01 2.440115e-03
413.331390 -2.796771e-01 3.431635e-03 -3.375331e-01 2.348066e-03
413.851105 -2.583340e-01 2.679768e-03 -3.397240e-01 2.295529e-03
414.370819 -2.991204e-01 2.197542e-03 -3.309602e-01 2.206546e-03
414.890533 -4.436226e-01 2.853249e-03 -3.008971e-01 2.208285e-03
415.410248 -6.604955e-01 3.764252e-03 -3.123945e-01 2.459263e-03
415.929962 -7.264293e-01 3.791028e-03 -2.615101e-01 2.314301e-03
416.449677 -7.189170e-01 3.782787e-03 -2.984513e-01 2.231707e-03
416.969391 -6.679881e-01 3.537693e-03 -2.428142e-01 1.980014e-03
417.489105 -4.150798e-01 2.535993e-03 -2.650313e-01 2.153117e-03
418.008820 -2.972022e-01 2.168918e-03 -2.726152e-01 2.113661e-03
418.528534 -2.551274e-01 2.496756e-03 -2.795350e-01 2.439702e-03
419.048248 -2.524373e-01 3.252703e-03 -3.036275e-01 2.365312e-03
419.567963 -2.233946e-01 3.725023e-03 -3.106906e-01 2.159512e-03
420.087677 -2.662318e-01 3.844584e-03 -3.444631e-01 2.341959e-03
420.607391 -2.394952e-01 3.481627e-03 -2.526532e-01 2.079304e-03
421.127106 -2.418775e-01 3.040421e-03 -2.961674e-01 2.271900e-03
421.646820 -3.005590e-01 2.357557e-03 -2.698513e-01 2.083384e-03
422.166534 -3.930930e-01 2.658682e-03 -2.206372e-01 1.989837e-03
422.686249 -5.731725e-01 3.369011e-03 -2.930700e-01 2.263384e-03
423.205963 -7.145503e-01 3.619956e-03 -2.563324e-01 2.299527e-03
423.725677 -7.112361e-01 3.709387e-03 -2.363994e-01 2.274829e-03
424.245392 -6.808221e-01 3.708700e-03 -2.787564e-01 2.117236e-03
424.765106 -5.022573e-01 3.026407e-03 -2.926168e-01 2.227334e-03
425.284821 -3.631057e-01 2.478050e-03 -2.767081e-01 2.170636e-03
425.804535 -2.591284e-01 2.719654e-03 -3.186244e-01 2.209324e-03
426.324249 -2.939066e-01 3.563638e-03 -2.871558e-01 2.132095e-03
426.843964 -2.685360e-01 3.696707e-03 -2.582793e-01 2.102284e-03
427.363678 -3.075137e-01 3.925895e-03 -2.593600e-01 2.125716e-03
427.883392 -2.494479e-01 3.296271e-03 -2.999773e-01 2.210082e-03
428.403107 -2.375974e-01 2.760570e-03 -2.977766e-01 2.502292e-03
428.922821 -2.437088e-01 2.296725e-03 -2.802009e-01 2.220158e-03
429.442535 -4.447471e-01 2.881310e-03 -2.565572e-01 2.026982e-03
429.962250 -6.043721e-01 3.524793e-03 -2.850681e-01 2.096853e-03
430.481964 -6.769678e-01 3.811583e-03 -2.847548e-01 2.115778e-03
431.001678 -6.459703e-01 3.579306e-03 -3.447876e-01 2.461282e-03
431.521393 -6.359201e-01 3.510306e-03 -3.152794e-01 2.226457e-03
432.041107 -5.261191e-01 2.995853e-03 -3.105282e-01 2.140790e-03
432.560822 -3.498085e-01 2.196958e-03 -2.667712e-01 2.180645e-03
433.080536 -2.804499e-01 2.373145e-03 -3.021333e-01 2.177075e-03
433.600250 -2.796615e-01 3.031467e-03 -3.021878e-01 2.359523e-03
434.119965 -2.995848e-01 3.456266e-03 -2.493598e-01 2.219166e-03
434.639679 -2.172817e-01 3.547387e-03 -2.455177e-01 2.328894e-03
435.159393 -2.144065e-01 3.326863e-03 -2.772102e-01 2.355036e-03
435.679108 -2.296857e-01 3.060146e-03 -2.726404e-01 2.210155e-03
436.198822 -2.259921e-01 2.299536e-03 -3.056578e-01 2.322222e-03
436.718536 -3.207621e-01 2.241766e-03 -3.609756e-01 2.454706e-03
437.238251 -4.677330e-01 2.693789e-03 -3.138721e-01 2.437605e-03
437.757965 -5.612544e-01 3.015108e-03 -3.158832e-01 2.619404e-03
438.277679 -6.658626e-01 3.519552e-03 -3.351450e-01 2.552780e-03
438.797394 -7.457204e-01 3.713103e-03 -2.967843e-01 2.155384e-03
439.317108 -6.426189e-01 3.542613e-03 -2.563840e-01 2.046684e-03
439.836823 -4.183730e-01 2.662939e-03 -2.967603e-01 2.248283e-03
440.356537 -2.759969e-01 2.239711e-03 -2.931056e-01 2.331723e-03
440.876251 -2.503327e-01 2.564471e-03 -3.272497e-01 2.545368e-03
441.395966 -1.969610e-01 2.982583e-03 -2.665903e-01 2.211547e-03
441.915680 -2.450698e-01 3.662457e-03 -2.364210e-01 2.168084e-03
442.435394 -3.163543e-01 3.904773e-03 -2.636715e-01 2.031376e-03
442.955109 -2.425298e-01 3.380554e-03 -2.788893e-01 2.402060e-03
443.474823 -2.569289e-01 2.924099e-03 -3.984091e-01 2.996356e-03
443.994537 -2.627462e-01 2.154696e-03 -3.349028e-01 2.352232e-03
444.514252 -4.414488e-01 2.737681e-03 -2.644946e-01 2.064038e-03
445.033966 -6.575571e-01 3.425376e-03 -2.909905e-01 2.115852e-03
445.553680 -7.028772e-01 3.689705e-03 -3.499874e-01 2.527153e-03
446.073395 -7.074031e-01 3.707749e-03 -3.484544e-01 2.485361e-03
446.593109 -6.311759e-01 3.585688e-03 -2.822852e-01 2.201038e-03
447.112823 -4.041171e-01 2.735266e-03 -2.540209e-01 2.196752e-03
447.632538 -2.649060e-01 2.022625e-03 -3.232986e-01 2.399338e-03
448.152252 -2.465819e-01 2.543487e-03 -2.652254e-01 2.110309e-03
448.671967 -2.561804e-01 3.445963e-03 -2.845627e-01 2.537294e-03
449.191681 -2.835638e-01 3.992727e-03 -2.927031e-01 2.240059e-03
449.711395 -2.445942e-01 3.671475e-03 -2.614172e-01 2.109873e-03
450.231110 -2.655013e-01 3.147131e-03 -2.833660e-01 2.025761e-03
450.750824 -2.357905e-01 2.322791e-03 -2.932015e-01 2.095829e-03
451.270538 -2.321676e-01 2.382951e-03 -3.209994e-01 2.307846e-03
451.790253 -4.578968e-01 2.855965e-03 -3.150117e-01 2.522928e-03
452.309967 -5.801100e-01 3.252377e-03 -3.191301e-01 2.353130e-03
452.829681 -6.174488e-01 3.429707e-03 -2.638784e-01 2.066238e-03
453.349396 -5.823171e-01 3.419141e-03 -2.186650e-01 2.230917e-03
453.869110 -4.556219e-01 2.684621e-03 -2.403884e-01 2.155796e-03
454.388824 -3.808770e-01 2.474121e-03 -2.580368e-01 2.328706e-03
454.908539 -2.764281e-01 2.120572e-03 -2.809310e-01 2.315253e-03
455.428253 -2.705510e-01 2.694866e-03 -3.739614e-01 2.624884e-03
455.947968 -2.812953e-01 3.106914e-03 -3.623950e-01 2.593479e-03
456.467682 -3.450741e-01 3.674705e-03 -3.269315e-01 2.202698e-03
456.987396 -2.283458e-01 3.119555e-03 -3.297146e-01 2.601038e-03
457.507111 -2.541752e-01 3.060860e-03 -3.083688e-01 2.185275e-03
458.026825 -2.254539e-01 2.252328e-03 -2.602108e-01 2.015457e-03
458.546539 -2.402944e-01 2.130945e-03 -2.497050e-01 2.089243e-03
459.066254 -4.064360e-01 2.659096e-03 -2.709466e-01 2.425476e-03
459.585968 -4.767821e-01 2.894868e-03 -2.472518e-01 2.091359e-03
460.105682 -5.643088e-01 3.059370e-03 -2.423538e-01 2.013748e-03
460.625397 -5.185128e-01 2.875215e-03 -2.852457e-01 2.315002e-03
461.145111 -4.315273e-01 2.698111e-03 -2.456318e-01 2.191150e-03
461.664825 -3.603542e-01 2.346705e-03 -3.001652e-01 2.408110e-03
462.184540 -2.536265e-01 2.092981e-03 -3.137722e-01 2.504459e-03
462.704254 -2.340116e-01 2.377227e-03 -3.503100e-01 2.563930e-03
463.223969 -2.073499e-01 2.612058e-03 -3.256049e-01 2.236528e-03
463.743683 -2.307622e-01 3.053841e-03 -3.336223e-01 2.211364e-03
464.263397 -2.262116e-01 3.076832e-03 -3.323044e-01 2.301479e-03
464.783112 -2.950857e-01 3.114817e-03 -3.510680e-01 2.543285e-03
465.302826 -2.423682e-01 2.417170e-03 -2.686370e-01 2.102473e-03
465.822540 -2.834249e-01 1.960856e-03 -2.594563e-01 2.131708e-03
466.342255 -3.716431e-01 2.345901e-03 -2.241208e-01 2.091861e-03
466.861969 -5.395955e-01 3.050875e-03 -2.731596e-01 2.597861e-03
467.381683 -6.109777e-01 3.212102e-03 -2.110070e-01 2.222756e-03
467.901398 -6.575536e-01 3.491766e-03 -2.510688e-01 2.272205e-03
468.421112 -5.721600e-01 3.250892e-03 -2.500724e-01 2.117943e-03
468.940826 -3.976904e-01 2.787291e-03 -2.434607e-01 1.951485e-03
469.460541 -2.251283e-01 2.110746e-03 -2.891010e-01 2.335937e-03
469.980255 -2.262382e-01 2.534254e-03 -3.419760e-01 2.555427e-03
470.499969 -2.415487e-01 3.045798e-03 -3.472009e-01 2.308972e-03
471.019684 -2.741597e-01 3.409689e-03 -3.332304e-01 2.565363e-03
471.539398 -2.756392e-01 3.375113e-03 -2.768976e-01 1.937511e-03
472.059113 -2.859413e-01 3.156320e-03 -2.915747e-01 2.101895e-03
472.578827 -2.475460e-01 2.172948e-03 -2.573855e-01 2.378314e-03
473.098541 -2.983795e-01 2.322986e-03 -2.679343e-01 2.274665e-03
473.618256 -4.341655e-01 2.630925e-03 -2.096511e-01 2.136972e-03
474.137970 -6.561270e-01 3.561654e-03 -2.899321e-01 2.405666e-03
474.657684 -7.307160e-01 3.966999e-03 -2.738923e-01 2.165458e-03
475.177399 -6.589527e-01 3.480216e-03 -2.683415e-01 2.078065e-03
475.697113 -3.769541e-01 2.412084e-03 -3.500899e-01 2.481206e-03
476.216827 -2.528173e-01 2.071515e-03 -3.097456e-01 2.343999e-03
476.736542 -2.395206e-01 2.467270e-03 -3.157674e-01 2.335260e-03
477.256256 -2.160527e-01 3.175672e-03 -2.803456e-01 2.138733e-03
477.775970 -2.634820e-01 3.616236e-03 -3.042935e-01 2.119430e-03
478.295685 -2.565643e-01 3.511140e-03 -2.712238e-01 2.111834e-03
478.815399 -2.953501e-01 3.115217e-03 -3.016064e-01 2.312994e-03
479.335114 -2.278411e-01 2.233036e-03 -2.656242e-01 2.157287e-03
479.854828 -2.332732e-01 1.969722e-03 -2.390506e-01 1.932917e-03
480.374542 -3.835261e-01 2.490373e-03 -2.365033e-01 2.111719e-03
480.894257 -5.241752e-01 3.012609e-03 -2.713188e-01 2.192869e-03
481.413971 -6.023169e-01 3.292450e-03 -3.073913e-01 2.366223e-03
481.933685 -5.522274e-01 3.071098e-03 -2.741915e-01 2.070480e-03
482.453400 -4.651881e-01 2.726750e-03 -2.949073e-01 2.294166e-03
482.973114 -3.253869e-01 2.143851e-03 -3.589914e-01 2.398537e-03
483.492828 -2.822281e-01 2.313434e-03 -3.130210e-01 2.410189e-03
484.012543 -2.690584e-01 2.593239e-03 -2.782166e-01 2.044189e-03
484.532257 -2.434623e-01 2.729512e-03 -2.580003e-01 2.048426e-03
485.051971 -2.546767e-01 3.103933e-03 -2.636210e-01 2.339348e-03
485.571686 -2.448773e-01 3.193936e-03 -2.789725e-01 2.425304e-03
486.091400 -2.349565e-01 2.721461e-03 -2.251334e-01 2.007100e-03
486.611115 -2.255907e-01 2.162597e-03 -2.423517e-01 2.091143e-03
487.130829 -2.643432e-01 2.193209e-03 -2.752070e-01 2.185161e-03
487.650543 -3.450680e-01 2.374191e-03 -3.299196e-01 2.581150e-03
488.170258 -5.224253e-01 2.955168e-03 -3.553798e-01 2.398753e-03
488.689972 -6.533475e-01 3.443883e-03 -3.602396e-01 2.348500e-03
489.209686 -4.825857e-01 2.839443e-03 -3.187718e-01 2.139832e-03
489.729401 -4.403059e-01 2.565972e-03 -3.215092e-01 2.218963e-03
490.249115 -3.290292e-01 2.144662e-03 -2.757239e-01 2.447172e-03
490.768829 -2.799759e-01 2.231989e-03 -2.944945e-01 2.641606e-03
491.288544 -2.572424e-01 2.176351e-03 -2.403032e-01 2.245079e-03
491.808258 -3.166971e-01 2.810031e-03 -2.623070e-01 2.414813e-03
492.327972 -2.704091e-01 2.862966e-03 -2.139433e-01 2.045917e-03
492.847687 -2.000818e-01 2.842340e-03 -2.835653e-01 2.397140e-03
493.367401 -2.488346e-01 2.972539e-03 -2.727154e-01 2.390355e-03
493.887115 -2.064623e-01 2.178268e-03 -3.293407e-01 2.425644e-03
494.406830 -2.395492e-01 1.904157e-03 -3.439187e-01 2.372185e-03
494.926544 -3.336442e-01 2.345067e-03 -3.257046e-01 2.095799e-03
495.446259 -4.447538e-01 2.677000e-03 -3.485602e-01 2.218780e-03
495.965973 -4.563498e-01 2.548980e-03 -3.581063e-01 2.355322e-03
496.485687 -4.782166e-01 2.647643e-03 -3.139446e-01 2.565471e-03
497.005402 -5.120243e-01 2.886777e-03 -2.386738e-01 2.456469e-03
497.525116 -4.011415e-01 2.541461e-03 -2.539754e-01 2.204075e-03
498.044830 -2.584283e-01 2.280177e-03 -2.197590e-01 2.018137e-03
498.564545 -1.929873e-01 2.210762e-03 -2.340209e-01 2.059575e-03
499.084259 -2.081723e-01 2.491799e-03 -3.328007e-01 2.539004e-03
499.603973 -2.077471e-01 2.922595e-03 -2.806311e-01 2.393671e-03
500.003754 -2.560100e-01 3.163026e-03 -2.321331e-01 1.956597e-03
