0.000000 9.999987e-01 2.503395e-07 -7.688398e-07 1.562740e-07
0.520000 8.904561e-01 3.039837e-07 -8.847243e-07 1.680455e-07
1.040000 5.906364e-01 3.159046e-07 -9.513157e-07 1.889151e-07
1.559999 2.105000e-01 3.203750e-07 -1.241482e-06 2.552572e-07
2.079999 -1.813965e-01 3.218651e-07 -1.388001e-06 2.799666e-07
2.599998 -5.661525e-01 3.218651e-07 -9.596649e-07 2.000960e-07
3.119998 -8.910452e-01 3.218651e-07 -7.820544e-07 1.580480e-07
3.639997 -1.034443e+00 3.695488e-07 -8.631586e-07 1.684149e-07
4.159997 -9.113503e-01 4.053116e-07 -8.416745e-07 1.726958e-07
4.679996 -5.916902e-01 4.112721e-07 -1.198504e-06 2.223757e-07
5.199996 -2.047308e-01 4.142523e-07 -1.280607e-06 2.464728e-07
5.719995 1.898875e-01 4.157424e-07 -1.612069e-06 3.076959e-07
6.239995 5.780589e-01 4.351139e-07 -1.173146e-06 2.360220e-07
6.759994 9.041256e-01 4.351139e-07 -8.016750e-07 1.607706e-07
7.279994 1.036437e+00 4.410744e-07 -7.575671e-07 1.570733e-07
7.799993 8.926623e-01 5.006790e-07 -9.012248e-07 1.738038e-07
8.320001 5.604064e-01 5.126000e-07 -1.209712e-06 2.154216e-07
8.840013 1.704886e-01 5.200505e-07 -1.304832e-06 2.637495e-07
9.360024 -2.247314e-01 5.051494e-07 -1.315676e-06 2.715356e-07
9.880036 -6.118400e-01 5.185604e-07 -1.052329e-06 1.983800e-07
10.400048 -9.276466e-01 5.424023e-07 -8.555787e-07 1.706614e-07
10.920060 -1.034829e+00 5.602836e-07 -7.687419e-07 1.574155e-07
11.440072 -8.646600e-01 5.602836e-07 -9.282194e-07 1.736434e-07
11.960084 -5.203937e-01 5.841255e-07 -1.037724e-06 1.957312e-07
12.480096 -1.284483e-01 5.841255e-07 -1.193318e-06 2.458004e-07
13.000108 2.669380e-01 6.467104e-07 -1.362759e-06 2.830617e-07
13.520120 6.514174e-01 5.662441e-07 -9.952554e-07 1.853988e-07
14.040132 9.523510e-01 6.079674e-07 -8.624692e-07 1.760549e-07
14.560143 1.029166e+00 6.437302e-07 -8.455112e-07 1.690993e-07
15.080155 8.315699e-01 5.960464e-07 -9.266701e-07 2.008773e-07
15.600167 4.765275e-01 6.586313e-07 -1.086345e-06 2.239721e-07
16.120178 8.315200e-02 6.780028e-07 -1.496851e-06 2.905318e-07
16.640190 -3.122027e-01 6.586313e-07 -1.339779e-06 2.557602e-07
17.160202 -6.927745e-01 7.510185e-07 -9.600938e-07 1.922337e-07
17.680214 -9.754799e-01 6.496906e-07 -1.032073e-06 1.884065e-07
18.200226 -1.019185e+00 6.794929e-07 -8.790622e-07 1.917870e-07
18.720238 -7.948743e-01 7.152557e-07 -9.428397e-07 1.870773e-07
19.240250 -4.305638e-01 8.165836e-07 -1.153448e-06 2.186136e-07
19.760262 -3.621357e-02 8.124858e-07 -1.699634e-06 3.384442e-07
20.280273 3.589376e-01 7.808209e-07 -1.226958e-06 2.560836e-07
20.800285 7.342509e-01 7.092953e-07 -1.225745e-06 2.343798e-07
21.320297 9.957542e-01 6.854534e-07 -8.148181e-07 1.584262e-07
21.840309 1.004806e+00 7.510185e-07 -7.905953e-07 1.525543e-07
22.360321 7.553252e-01 8.046627e-07 -1.105462e-06 2.109837e-07
22.880333 3.832858e-01 8.225441e-07 -1.325683e-06 2.742408e-07
23.400345 -1.169888e-02 7.819384e-07 -1.778468e-06 3.409251e-07
23.920357 -4.064334e-01 7.599592e-07 -1.190532e-06 2.360145e-07
24.440369 -7.749702e-01 7.092953e-07 -1.080860e-06 2.315512e-07
24.960381 -1.012480e+00 7.629395e-07 -1.081083e-06 2.127806e-07
25.480392 -9.861475e-01 8.285045e-07 -9.944994e-07 2.011297e-07
26.000404 -7.134891e-01 7.987022e-07 -9.405194e-07 1.840192e-07
26.520416 -3.351743e-01 7.867813e-07 -1.571003e-06 3.117910e-07
27.040428 6.019884e-02 8.981675e-07 -2.084995e-06 4.057871e-07
27.560440 4.542265e-01 8.612871e-07 -1.259778e-06 2.387788e-07
28.080452 8.142731e-01 8.463859e-07 -1.039898e-06 1.955993e-07
28.600464 1.025155e+00 8.225441e-07 -1.082939e-06 2.062702e-07
29.120476 9.633561e-01 9.238720e-07 -9.689954e-07 2.113517e-07
29.640488 6.697542e-01 8.761883e-07 -1.159553e-06 2.362808e-07
30.160500 2.864742e-01 8.463859e-07 -1.961825e-06 3.773930e-07
30.680511 -1.091209e-01 8.381903e-07 -2.340406e-06 4.828569e-07
31.200523 -5.020409e-01 9.238720e-07 -1.779184e-06 3.436822e-07
31.720535 -8.516786e-01 8.225441e-07 -1.469632e-06 2.852434e-07
32.240547 -1.033491e+00 8.702278e-07 -1.041782e-06 2.127314e-07
32.760559 -9.367136e-01 8.463859e-07 -1.017155e-06 1.930620e-07
33.280571 -6.245041e-01 9.119511e-07 -1.683688e-06 3.372577e-07
33.800583 -2.373992e-01 8.970499e-07 -1.773901e-06 3.632182e-07
34.320595 1.583036e-01 1.071394e-06 -3.320703e-06 6.302621e-07
34.840607 5.495812e-01 9.536743e-07 -2.160730e-06 4.459162e-07
35.360619 8.866967e-01 9.775162e-07 -1.548922e-06 3.332957e-07
35.880630 1.037241e+00 8.702278e-07 -1.813997e-06 3.478566e-07
36.400642 9.064749e-01 9.119511e-07 -1.713081e-06 3.640246e-07
36.920654 5.780029e-01 1.043081e-06 -2.086199e-06 4.058026e-07
37.440666 1.880356e-01 1.037121e-06 -1.779517e-06 3.468877e-07
37.960678 -2.076970e-01 9.849667e-07 -4.108972e-06 8.574261e-07
38.480690 -5.966396e-01 1.031160e-06 -2.224482e-06 4.227916e-07
39.000702 -9.189421e-01 9.536743e-07 -9.635338e-07 2.071197e-07
39.520714 -1.036322e+00 9.894371e-07 -9.965755e-07 2.026017e-07
40.040726 -8.729960e-01 9.775162e-07 -1.783353e-06 3.366021e-07
40.560738 -5.305437e-01 9.715557e-07 -1.450233e-06 2.942562e-07
41.080750 -1.385035e-01 1.105666e-06 -1.679343e-06 3.797105e-07
41.600761 2.571884e-01 1.102686e-06 -5.237260e-06 1.019124e-06
42.120773 6.429229e-01 1.245737e-06 -1.284798e-06 2.403675e-07
42.640785 9.479787e-01 1.037121e-06 -2.970700e-06 5.627226e-07
43.160797 1.030662e+00 1.025200e-06 -2.407870e-06 4.955835e-07
43.680809 8.365765e-01 1.072884e-06 -1.504512e-06 2.911399e-07
44.200821 4.823028e-01 1.063943e-06 -1.661656e-06 3.298292e-07
44.720833 8.881445e-02 1.067668e-06 -2.419732e-06 4.991396e-07
45.240845 -3.067482e-01 1.072884e-06 -4.779011e-06 1.038832e-06
45.760857 -6.882055e-01 1.078844e-06 -2.782401e-06 5.839340e-07
46.280869 -9.734790e-01 1.025200e-06 -2.846430e-06 6.103626e-07
46.800880 -1.020347e+00 1.120567e-06 -3.330510e-06 6.265369e-07
47.320892 -7.975993e-01 1.114607e-06 -3.807119e-06 8.029617e-07
47.840904 -4.335034e-01 1.031160e-06 -4.073827e-06 8.481608e-07
48.360916 -3.904648e-02 1.069531e-06 -5.205699e-06 9.620192e-07
48.880928 3.562565e-01 1.096725e-06 -5.157658e-06 9.257514e-07
49.400940 7.321576e-01 1.108646e-06 -6.511107e-06 1.184342e-06
49.920952 9.950626e-01 1.156330e-06 -1.646822e-06 3.195219e-07
50.440964 1.005448e+00 1.144409e-06 -1.531332e-06 3.211501e-07
50.960976 7.563579e-01 1.090765e-06 -5.437662e-06 1.003945e-06
51.480988 3.842529e-01 1.081824e-06 -8.304015e-06 1.551737e-06
52.000999 -1.082115e-02 1.091603e-06 -7.589488e-06 1.595028e-06
52.521011 -4.056666e-01 1.171231e-06 -1.947938e-06 3.853686e-07
53.041023 -7.745131e-01 1.156330e-06 -4.851353e-06 1.041361e-06
53.561035 -1.012479e+00 1.072884e-06 -6.827043e-06 1.301461e-06
54.081047 -9.861917e-01 1.126528e-06 -6.153648e-06 1.304887e-06
54.601059 -7.132220e-01 1.221895e-06 -1.880416e-06 3.616618e-07
55.121071 -3.347151e-01 1.165271e-06 -9.858425e-06 2.166443e-06
55.641083 6.073005e-02 1.142919e-06 -1.404018e-05 2.642723e-06
56.161095 4.548260e-01 1.323223e-06 -5.644184e-06 1.262821e-06
56.681107 8.149001e-01 1.132488e-06 -2.743986e-06 5.564034e-07
57.201118 1.025434e+00 1.132488e-06 -4.561400e-06 1.003416e-06
57.721130 9.627646e-01 1.144409e-06 -6.062609e-06 1.110786e-06
58.241142 6.684489e-01 1.174212e-06 -6.710257e-06 1.472077e-06
58.761154 2.849369e-01 1.201034e-06 -1.458960e-05 2.609133e-06
59.281166 -1.107130e-01 1.330674e-06 -1.920699e-05 4.201243e-06
59.801178 -5.036547e-01 1.436472e-06 -1.540079e-05 2.888358e-06
60.321190 -8.530184e-01 1.186132e-06 -1.270105e-05 2.410478e-06
60.841202 -1.033782e+00 1.108646e-06 -6.749652e-06 1.416561e-06
61.361214 -9.354919e-01 1.400709e-06 -6.255648e-06 1.169412e-06
61.881226 -6.223679e-01 1.275539e-06 -1.614200e-05 2.971466e-06
62.401237 -2.350380e-01 1.291931e-06 -1.149217e-05 2.520225e-06
62.921249 1.607058e-01 1.262128e-06 -3.227477e-05 6.025139e-06
63.441261 5.519423e-01 1.364946e-06 -1.958075e-05 4.282389e-06
63.961273 8.884662e-01 1.209974e-06 -1.256726e-05 2.781764e-06
64.481186 1.037349e+00 1.347065e-06 -1.641549e-05 3.031353e-06
65.001099 9.046378e-01 1.275539e-06 -1.538679e-05 3.326250e-06
65.521011 5.751815e-01 1.400709e-06 -1.522147e-05 3.452950e-06
66.040924 1.850185e-01 1.442432e-06 -9.992074e-06 1.836143e-06
66.560837 -2.107451e-01 1.515448e-06 -3.818189e-05 8.212070e-06
67.080750 -5.995643e-01 1.573563e-06 -2.118758e-05 3.876228e-06
67.600662 -9.209328e-01 1.221895e-06 -4.240461e-06 8.366957e-07
68.120575 -1.036124e+00 1.299381e-06 -3.658186e-06 7.691696e-07
68.640488 -8.705860e-01 1.448393e-06 -1.470341e-05 2.676983e-06
69.160400 -5.271645e-01 1.317263e-06 -1.023198e-05 1.926896e-06
69.680313 -1.349674e-01 1.578033e-06 -8.057294e-06 1.695345e-06
70.200226 2.607424e-01 1.585484e-06 -5.483124e-05 1.015981e-05
70.720139 6.462508e-01 1.519918e-06 -4.516989e-06 9.772457e-07
71.240051 9.500142e-01 1.281500e-06 -2.995665e-05 5.610052e-06
71.759964 1.030062e+00 1.347065e-06 -2.394122e-05 5.138312e-06
72.279877 8.336290e-01 1.513958e-06 -1.523022e-05 2.816779e-06
72.799789 4.784567e-01 1.370907e-06 -1.677053e-05 3.117691e-06
73.319702 8.484891e-02 1.316518e-06 -2.221926e-05 4.633763e-06
73.839615 -3.107204e-01 1.597404e-06 -4.928622e-05 1.081180e-05
74.359528 -6.918211e-01 1.597404e-06 -3.143477e-05 6.767604e-06
74.879440 -9.754246e-01 1.400709e-06 -2.661834e-05 5.903475e-06
75.399353 -1.019292e+00 1.430511e-06 -3.276675e-05 5.974466e-06
75.919266 -7.941712e-01 1.591444e-06 -4.013221e-05 8.606132e-06
76.439178 -4.292755e-01 1.376867e-06 -4.294836e-05 9.304147e-06
76.959091 -3.473246e-02 1.459196e-06 -5.338868e-05 1.001221e-05
77.479004 3.605564e-01 1.686811e-06 -4.587751e-05 8.469629e-06
77.998917 7.359419e-01 1.549721e-06 -6.585754e-05 1.230864e-05
78.518829 9.967979e-01 1.353025e-06 -1.811643e-05 3.824746e-06
79.038742 1.003899e+00 1.680851e-06 -1.945632e-05 3.719300e-06
79.558655 7.524896e-01 1.573563e-06 -5.127956e-05 9.433799e-06
80.078568 3.797009e-01 1.427531e-06 -8.694980e-05 1.632963e-05
80.598480 -1.543278e-02 1.558475e-06 -8.488454e-05 1.834519e-05
81.118393 -4.102401e-01 1.698732e-06 -1.162365e-05 2.479489e-06
81.638306 -7.783796e-01 1.662970e-06 -4.539000e-05 9.981923e-06
82.158218 -1.013912e+00 1.454353e-06 -7.588037e-05 1.421588e-05
82.678131 -9.841421e-01 1.525879e-06 -6.717360e-05 1.441379e-05
83.198044 -7.089719e-01 1.603365e-06 -1.141555e-05 2.445553e-06
83.717957 -3.298974e-01 1.671910e-06 -1.045136e-04 2.266598e-05
84.237869 6.558459e-02 1.736730e-06 -1.649041e-04 3.069182e-05
84.757782 4.596045e-01 1.770258e-06 -6.974308e-05 1.506051e-05
85.277695 8.187495e-01 1.603365e-06 -3.510190e-05 7.364426e-06
85.797607 1.026480e+00 1.370907e-06 -4.108378e-05 8.926297e-06
86.317520 9.602095e-01 1.746416e-06 -5.672453e-05 1.055198e-05
86.837433 6.638565e-01 1.668930e-06 -8.282734e-05 1.783688e-05
87.357346 2.798897e-01 1.427531e-06 -1.426278e-04 2.647785e-05
87.877258 -1.157845e-01 1.656264e-06 -2.212220e-04 4.754209e-05
88.397171 -5.085950e-01 1.871586e-06 -1.779772e-04 3.333556e-05
88.917084 -8.567783e-01 1.597404e-06 -1.472719e-04 2.763022e-05
89.436996 -1.034385e+00 1.430511e-06 -8.491741e-05 1.832128e-05
89.956909 -9.324573e-01 1.841784e-06 -8.451004e-05 1.579998e-05
90.476822 -6.174867e-01 1.549721e-06 -1.764745e-04 3.319290e-05
90.996735 -2.298013e-01 1.572073e-06 -1.154615e-04 2.496796e-05
91.516647 1.659551e-01 1.911819e-06 -3.683198e-04 6.902502e-05
92.036560 5.569859e-01 2.121925e-06 -2.170981e-04 4.632422e-05
92.556473 8.920498e-01 1.662970e-06 -1.324505e-04 2.843477e-05
93.076385 1.037455e+00 1.585484e-06 -1.740941e-04 3.261396e-05
93.596298 9.011340e-01 2.068281e-06 -1.759049e-04 3.751364e-05
94.116211 5.700457e-01 1.651049e-06 -1.672786e-04 3.589094e-05
94.636124 1.796150e-01 1.640618e-06 -8.396176e-05 1.575649e-05
95.156036 -2.161557e-01 2.178550e-06 -4.339169e-04 9.272136e-05
95.675949 -6.046759e-01 2.402067e-06 -2.103539e-04 3.953234e-05
96.195862 -9.242746e-01 1.710653e-06 -6.970040e-05 1.420505e-05
96.715775 -1.035706e+00 1.811981e-06 -2.966010e-05 6.427549e-06
97.235687 -8.666604e-01 2.068281e-06 -1.284510e-04 2.414657e-05
97.755600 -5.218163e-01 1.764298e-06 -7.896778e-05 1.476348e-05
98.275513 -1.294253e-01 1.783669e-06 -9.643304e-05 2.014541e-05
98.795425 2.662791e-01 2.157688e-06 -5.961538e-04 1.122969e-04
99.315338 6.513672e-01 2.247095e-06 -5.872576e-05 1.223743e-05
99.835251 9.530356e-01 1.889467e-06 -3.544655e-04 6.644231e-05
100.355164 1.029088e+00 2.217293e-06 -2.904421e-04 6.229633e-05
100.875076 8.293042e-01 2.139807e-06 -2.126351e-04 4.012974e-05
101.394989 4.729230e-01 1.767278e-06 -2.230311e-04 4.246641e-05
101.914902 7.918084e-02 1.769513e-06 -2.853936e-04 5.876585e-05
102.434814 -3.163726e-01 2.425909e-06 -5.514849e-04 1.169012e-04
102.954727 -6.969069e-01 2.592802e-06 -4.002798e-04 8.542832e-05
103.474640 -9.780717e-01 1.841784e-06 -2.764178e-04 5.857275e-05
103.994553 -1.017771e+00 2.229214e-06 -3.145214e-04 5.960112e-05
104.514465 -7.894977e-01 2.300739e-06 -4.736672e-04 1.012112e-04
105.034378 -4.235919e-01 1.800060e-06 -5.360437e-04 1.143245e-04
105.554291 -2.896207e-02 2.219901e-06 -6.585934e-04 1.249849e-04
106.074203 3.662858e-01 2.783537e-06 -4.430620e-04 8.422232e-05
106.594116 7.409273e-01 2.747774e-06 -7.448110e-04 1.403221e-04
107.114029 9.989975e-01 2.396107e-06 -2.876127e-04 6.072112e-05
107.633942 1.001814e+00 2.586842e-06 -3.158520e-04 6.005663e-05
108.153854 7.474930e-01 2.443790e-06 -5.122747e-04 9.738973e-05
108.673767 3.738843e-01 1.949072e-06 -1.022601e-03 1.924299e-04
109.193680 -2.130718e-02 2.406538e-06 -1.069139e-03 2.265942e-04
109.713593 -4.160460e-01 3.394485e-06 -1.587728e-04 3.358284e-05
110.233505 -7.832327e-01 3.439188e-06 -4.549040e-04 9.554219e-05
110.753418 -1.015633e+00 3.266334e-06 -8.798167e-04 1.656655e-04
111.273331 -9.815313e-01 3.427267e-06 -7.919882e-04 1.688570e-04
111.793243 -7.037101e-01 2.759695e-06 -1.852529e-04 3.766076e-05
112.313156 -3.239804e-01 2.491474e-06 -1.230757e-03 2.589078e-04
112.833069 7.153331e-02 2.963096e-06 -1.975574e-03 3.742340e-04
113.352982 4.654215e-01 4.768372e-06 -9.414169e-04 1.989074e-04
113.872894 8.233685e-01 5.096197e-06 -5.437986e-04 1.142116e-04
114.392807 1.027632e+00 5.197525e-06 -3.366700e-04 7.029891e-05
114.912720 9.570557e-01 4.488230e-06 -4.761177e-04 9.128739e-05
115.432632 6.583356e-01 3.981590e-06 -1.093036e-03 2.314174e-04
115.952545 2.738670e-01 3.427267e-06 -1.530440e-03 2.930419e-04
116.472458 -1.218262e-01 4.291534e-06 -2.722248e-03 5.764980e-04
116.992371 -5.144579e-01 7.480383e-06 -2.161525e-03 4.092103e-04
117.512283 -8.611787e-01 7.873774e-06 -1.778743e-03 3.364915e-04
118.032196 -1.035010e+00 9.095669e-06 -1.184899e-03 2.504443e-04
118.552109 -9.288430e-01 7.086992e-06 -1.180678e-03 2.245734e-04
119.072021 -6.117933e-01 5.829334e-06 -2.082913e-03 3.935283e-04
119.591934 -2.237427e-01 6.301701e-06 -1.265636e-03 2.637006e-04
120.111847 1.720259e-01 5.774200e-06 -4.385256e-03 8.310950e-04
120.631760 5.627193e-01 1.381040e-05 -2.538278e-03 5.380066e-04
121.151672 8.960072e-01 1.422763e-05 -1.388518e-03 2.894074e-04
121.671585 1.037349e+00 1.559258e-05 -1.868618e-03 3.572494e-04
122.191498 8.969939e-01 9.435415e-06 -2.072277e-03 4.392759e-04
122.711411 5.641115e-01 9.626150e-06 -1.861662e-03 3.879648e-04
123.231323 1.734239e-01 1.088530e-05 -7.181587e-04 1.392773e-04
123.751236 -2.223259e-01 1.016110e-05 -5.234123e-03 1.107341e-03
124.271149 -6.104755e-01 2.483130e-05 -2.107482e-03 4.060819e-04
124.791061 -9.279836e-01 2.667308e-05 -1.168597e-03 2.430908e-04
125.310974 -1.035130e+00 2.800226e-05 -6.839105e-04 1.354257e-04
125.830887 -8.621941e-01 1.890659e-05 -1.084306e-03 2.096636e-04
126.350800 -5.158604e-01 1.847744e-05 -5.728399e-04 1.114565e-04
126.870712 -1.233288e-01 1.925901e-05 -1.306276e-03 2.647793e-04
127.390625 2.723152e-01 2.239645e-05 -6.960075e-03 1.320371e-03
127.910538 6.566414e-01 4.731417e-05 -1.119260e-03 2.210878e-04
128.430634 9.558193e-01 4.976392e-05 -4.319248e-03 8.217461e-04
128.950745 1.027425e+00 4.984140e-05 -3.725649e-03 7.847211e-04
129.470856 8.241878e-01 3.020763e-05 -2.957002e-03 5.677316e-04
129.990967 4.666064e-01 3.330707e-05 -2.997512e-03 5.786360e-04
130.511078 7.281054e-02 3.377050e-05 -3.644283e-03 7.480481e-04
131.031189 -3.226838e-01 5.159974e-05 -6.313550e-03 1.318469e-03
131.551300 -7.024703e-01 8.257032e-05 -5.298453e-03 1.109543e-03
132.071411 -9.808290e-01 9.665489e-05 -2.768796e-03 5.737334e-04
132.591522 -1.015964e+00 8.687973e-05 -3.070891e-03 5.933498e-04
133.111633 -7.843814e-01 5.693436e-05 -5.884426e-03 1.238357e-03
133.631744 -4.176567e-01 6.156861e-05 -6.896084e-03 1.441353e-03
134.151855 -2.305002e-02 6.072428e-05 -7.959633e-03 1.541292e-03
134.671967 3.715518e-01 1.189858e-04 -4.479107e-03 8.685241e-04
135.192078 7.448001e-01 1.482844e-04 -8.720222e-03 1.662860e-03
135.712189 9.993611e-01 1.803815e-04 -4.272225e-03 8.842666e-04
136.232300 9.979403e-01 1.488447e-04 -4.445337e-03 8.622686e-04
136.752411 7.411491e-01 1.085758e-04 -5.548031e-03 1.071315e-03
137.272522 3.670842e-01 1.122296e-04 -1.240014e-02 2.371543e-03
137.792633 -2.799494e-02 1.091940e-04 -1.315147e-02 2.717037e-03
138.312744 -4.226610e-01 2.495080e-04 -2.484867e-03 4.969331e-04
138.832855 -7.882015e-01 2.700090e-04 -4.628608e-03 9.582374e-04
139.352966 -1.017044e+00 3.321528e-04 -1.036457e-02 1.983080e-03
139.873077 -9.784803e-01 2.500475e-04 -9.753779e-03 2.042820e-03
140.393188 -6.984784e-01 2.102852e-04 -2.399031e-03 4.935836e-04
140.913300 -3.188808e-01 2.121419e-04 -1.516524e-02 3.190892e-03
141.433411 7.654884e-02 1.960605e-04 -2.221586e-02 4.321731e-03
141.953522 4.674843e-01 4.935026e-04 -1.182818e-02 2.423135e-03
142.473633 8.230571e-01 4.768372e-04 -7.210710e-03 1.468535e-03
142.993744 1.022222e+00 6.001711e-04 -3.451383e-03 7.235486e-04
143.513855 9.492574e-01 4.099190e-04 -5.655912e-03 1.086372e-03
144.033966 6.497120e-01 3.779829e-04 -1.286225e-02 2.620875e-03
144.554077 2.660061e-01 3.934741e-04 -2.010981e-02 3.836235e-03
145.074188 -1.290902e-01 3.504395e-04 -3.075959e-02 6.281494e-03
145.594299 -5.219267e-01 9.103060e-04 -2.368560e-02 4.625083e-03
146.114410 -8.648384e-01 8.145869e-04 -1.977636e-02 3.850500e-03
146.634521 -1.034480e+00 1.013136e-03 -1.337827e-02 2.715702e-03
147.154633 -9.243098e-01 6.403148e-04 -1.121910e-02 2.196969e-03
147.674744 -6.077952e-01 6.586433e-04 -2.385171e-02 4.645718e-03
148.194855 -2.217379e-01 7.152766e-04 -2.089495e-02 4.400219e-03
148.714966 1.738074e-01 5.822062e-04 -4.183936e-02 8.259845e-03
149.235077 5.555616e-01 1.552790e-03 -2.835461e-02 5.798849e-03
149.755188 8.856237e-01 1.320171e-03 -1.683897e-02 3.500278e-03
150.275299 1.020403e+00 1.545942e-03 -2.200112e-02 4.295620e-03
150.795410 8.827075e-01 9.216547e-04 -2.404748e-02 4.871312e-03
151.315521 5.506716e-01 1.174825e-03 -2.726896e-02 5.643672e-03
151.835632 1.625438e-01 1.175560e-03 -2.690198e-02 5.116821e-03
152.355743 -2.303083e-01 9.818092e-04 -4.716350e-02 9.521920e-03
152.875854 -6.196476e-01 2.292943e-03 -2.410010e-02 4.693335e-03
153.395966 -9.296256e-01 1.877165e-03 -5.860364e-03 1.217145e-03
153.916077 -1.033302e+00 2.071261e-03 -7.251878e-03 1.491910e-03
154.436188 -8.573383e-01 1.207560e-03 -2.300289e-02 4.526245e-03
154.956299 -5.179230e-01 1.911733e-03 -2.626148e-02 5.072908e-03
155.476410 -1.278574e-01 1.714241e-03 -2.813326e-02 5.877253e-03
155.996521 2.661557e-01 1.568329e-03 -4.685444e-02 9.303939e-03
156.516632 6.394396e-01 2.804768e-03 -9.568804e-03 2.006514e-03
157.036743 9.356403e-01 2.216911e-03 -2.325901e-02 4.663047e-03
157.556854 1.002067e+00 2.621865e-03 -1.867380e-02 3.744880e-03
158.076965 8.053762e-01 1.651281e-03 -6.718573e-03 1.245074e-03
158.597076 4.474515e-01 2.726185e-03 -1.414524e-02 2.935364e-03
159.117188 6.069315e-02 2.202386e-03 -3.102024e-02 5.952188e-03
159.637299 -3.333495e-01 2.315515e-03 -3.847701e-02 7.763348e-03
160.157410 -7.135572e-01 3.029364e-03 -1.418532e-02 2.850598e-03
160.677521 -9.839804e-01 2.999014e-03 -2.340437e-02 4.759581e-03
161.197632 -1.020807e+00 3.015500e-03 -2.465559e-02 4.887403e-03
161.717743 -7.862197e-01 2.067852e-03 -1.865156e-02 3.792009e-03
162.237854 -4.310636e-01 3.201383e-03 -1.256559e-02 2.558497e-03
162.757965 -3.634472e-02 2.602292e-03 -2.648463e-02 5.568539e-03
163.278076 3.550961e-01 2.832279e-03 -2.812962e-02 5.554068e-03
163.798187 7.279435e-01 2.656752e-03 -2.205953e-02 4.439165e-03
164.318298 9.746003e-01 3.063494e-03 -1.042040e-02 2.089516e-03
164.838409 9.814494e-01 2.561081e-03 -9.954205e-03 2.111711e-03
165.358521 7.254463e-01 2.573240e-03 -2.457090e-02 4.868709e-03
165.878632 3.535300e-01 2.945560e-03 -2.252272e-02 4.508901e-03
166.398743 -4.098237e-02 2.694619e-03 -2.924946e-02 5.495528e-03
166.918854 -4.325113e-01 3.109133e-03 -1.715449e-02 3.592712e-03
167.438965 -7.911301e-01 2.035564e-03 -1.820384e-02 3.686839e-03
167.959076 -1.024633e+00 3.314233e-03 -1.903003e-02 3.706963e-03
168.479187 -9.872007e-01 2.533418e-03 -1.782761e-02 3.700769e-03
168.999298 -7.121909e-01 2.891183e-03 -1.526613e-02 3.160121e-03
169.519409 -3.319538e-01 2.516523e-03 -3.062516e-02 6.272461e-03
170.039520 6.000244e-02 3.099249e-03 -3.255102e-02 6.609681e-03
170.559631 4.498301e-01 3.105763e-03 -1.942544e-02 3.867702e-03
171.079742 8.081204e-01 2.227807e-03 -1.334799e-02 2.615429e-03
171.599854 9.998471e-01 3.706390e-03 -1.355112e-02 2.709679e-03
172.119965 9.351448e-01 2.781105e-03 -1.744884e-02 3.361921e-03
172.640076 6.368566e-01 2.992743e-03 -1.762515e-02 3.575745e-03
173.160187 2.545151e-01 2.985322e-03 -4.174785e-02 7.728635e-03
173.680298 -1.393102e-01 3.412347e-03 -4.103812e-02 8.405062e-03
174.200409 -5.276299e-01 3.060409e-03 -3.232558e-02 6.442589e-03
174.720520 -8.682704e-01 3.094918e-03 -2.677735e-02 5.317605e-03
175.240631 -1.040684e+00 3.891075e-03 -1.627575e-02 3.270486e-03
175.760742 -9.392659e-01 3.442812e-03 -1.449614e-02 3.001901e-03
176.280853 -6.192790e-01 2.975017e-03 -3.119566e-02 6.083957e-03
176.800964 -2.397754e-01 3.459315e-03 -4.058963e-02 8.731747e-03
177.321075 1.526038e-01 3.499228e-03 -5.023908e-02 9.980243e-03
177.841187 5.395474e-01 3.680611e-03 -3.777441e-02 7.575495e-03
178.361298 8.626992e-01 4.063678e-03 -2.623724e-02 5.248477e-03
178.881409 9.993456e-01 4.147488e-03 -2.899704e-02 5.759698e-03
179.401520 8.699739e-01 3.816402e-03 -2.748886e-02 5.628986e-03
179.921631 5.411434e-01 3.609776e-03 -3.791311e-02 7.714096e-03
180.441742 1.542807e-01 3.752603e-03 -4.743268e-02 9.318627e-03
180.961853 -2.372082e-01 3.692347e-03 -6.035948e-02 1.146274e-02
181.481964 -6.203654e-01 4.239053e-03 -3.039202e-02 6.149977e-03
182.002075 -9.342964e-01 4.850328e-03 -1.125080e-02 2.077564e-03
182.522186 -1.038797e+00 4.505032e-03 -1.770068e-02 3.394290e-03
183.042297 -8.718475e-01 3.798819e-03 -3.012903e-02 6.682695e-03
183.562408 -5.351202e-01 4.268908e-03 -3.628550e-02 7.680823e-03
184.082520 -1.440975e-01 3.818739e-03 -4.688001e-02 8.797823e-03
184.602631 2.431124e-01 4.563324e-03 -5.426226e-02 1.084520e-02
185.122742 6.199220e-01 4.246634e-03 -1.807122e-02 3.524006e-03
185.642853 9.125797e-01 5.065435e-03 -2.499208e-02 5.085404e-03
186.162964 9.903542e-01 4.329056e-03 -1.742386e-02 3.476267e-03
186.683075 7.961017e-01 4.821754e-03 -1.999540e-02 3.519119e-03
187.203186 4.452584e-01 4.535115e-03 -2.848104e-02 5.238537e-03
187.723297 5.985954e-02 3.920788e-03 -4.008367e-02 8.423341e-03
188.243408 -3.403887e-01 5.385020e-03 -5.173820e-02 9.966752e-03
188.763519 -7.066035e-01 4.293132e-03 -2.370021e-02 4.322469e-03
189.283630 -9.938725e-01 6.081265e-03 -3.266576e-02 6.270932e-03
189.803741 -1.024918e+00 4.312468e-03 -3.050640e-02 6.258402e-03
190.323853 -8.097625e-01 5.617178e-03 -2.088781e-02 4.090581e-03
190.843964 -4.480651e-01 5.018011e-03 -1.790321e-02 4.160281e-03
191.364075 -5.857149e-02 5.061675e-03 -5.042270e-02 7.871974e-03
191.884186 3.294996e-01 5.938006e-03 -4.392179e-02 7.725188e-03
192.404297 7.029273e-01 4.891604e-03 -3.527474e-02 6.164320e-03
192.924408 9.402928e-01 7.395655e-03 -2.879703e-02 4.488754e-03
193.444519 9.530185e-01 6.031138e-03 -1.769481e-02 5.398681e-03
193.964630 7.093490e-01 6.215012e-03 -3.200947e-02 6.009980e-03
194.484741 3.430686e-01 6.427488e-03 -2.666460e-02 6.008030e-03
195.004852 -3.976259e-02 4.771754e-03 -9.533015e-02 1.255562e-02
195.524963 -4.387972e-01 6.832373e-03 -4.674520e-02 6.907242e-03
196.045074 -7.927563e-01 1.069513e-02 -5.493898e-02 8.051837e-03
196.565186 -1.031349e+00 1.824332e-02 -3.992724e-02 6.307015e-03
197.085297 -9.981074e-01 1.513461e-02 -2.213011e-02 7.119616e-03
197.605408 -7.268308e-01 9.014147e-03 -4.287267e-02 1.157995e-02
198.125519 -3.714919e-01 9.801540e-03 -3.742693e-02 1.257551e-02
198.645630 3.937370e-02 5.190679e-03 -9.904046e-02 3.219045e-02
199.165741 2.676149e-01 2.190864e-02 -4.951894e-02 7.914325e-03
199.685852 3.464329e-01 4.864266e-02 -6.333506e-02 1.553353e-02
200.205963 4.004769e-01 6.414574e-02 -2.397326e-01 3.102654e-02
200.726074 2.691469e-01 7.075116e-02 -9.810253e-02 3.428051e-02
201.246185 2.510994e-01 4.363556e-02 -1.318265e-01 5.739878e-02
201.766296 4.711496e-02 2.762193e-02 -1.601313e-01 2.634684e-02
202.286407 -1.842706e-01 1.511374e-02 -3.601980e-01 5.731709e-02
202.806519 -5.529427e-01 3.882710e-02 -1.027233e-01 2.124733e-02
203.326630 -8.861256e-01 6.613157e-02 -7.571559e-02 2.193336e-02
203.846741 -1.048457e+00 9.155516e-02 -2.029364e-01 3.434473e-02
204.366852 -9.554062e-01 9.452839e-02 -3.854656e-01 7.474681e-02
204.886963 -6.463678e-01 7.351936e-02 -5.028765e-01 8.366962e-02
205.407074 -2.929598e-01 5.262860e-02 -2.984949e-01 7.541299e-02
205.927185 2.366357e-02 4.402616e-02 -3.199748e-01 5.513018e-02
206.447296 2.218731e-02 6.216722e-02 -2.527128e-01 4.808263e-02
206.967407 -5.917964e-03 9.527293e-02 -2.544855e-01 5.212654e-02
207.487518 -5.229862e-02 1.136587e-01 -3.361437e-01 7.921964e-02
208.007629 -6.529976e-02 9.986131e-02 -5.765995e-01 1.065497e-01
208.527740 -1.356865e-01 7.631268e-02 -4.407960e-01 1.036556e-01
209.047852 -2.950867e-01 5.787878e-02 -5.984444e-01 9.680754e-02
209.567963 -6.021491e-01 6.411745e-02 -4.300519e-01 6.802808e-02
210.088074 -8.969958e-01 9.220515e-02 -3.206991e-01 6.570893e-02
210.608185 -1.110016e+00 1.199706e-01 -2.684784e-01 6.188900e-02
211.128296 -1.103969e+00 1.202634e-01 -4.574869e-01 7.367612e-02
211.648407 -8.898786e-01 9.798814e-02 -6.234478e-01 1.123816e-01
212.168518 -5.988585e-01 7.811059e-02 -3.523300e-01 8.168902e-02
212.688629 -2.805171e-01 7.061026e-02 -3.094378e-01 7.516060e-02
213.208740 -5.254274e-02 8.889417e-02 -3.765970e-01 6.367741e-02
213.728851 -4.966628e-02 1.091789e-01 -3.312990e-01 6.236842e-02
214.248962 -9.313601e-02 1.212715e-01 -2.508925e-01 5.467526e-02
214.769073 -8.329426e-02 1.183693e-01 -4.541737e-01 7.759955e-02
215.289185 -1.532285e-01 1.099215e-01 -3.387242e-01 8.061658e-02
215.809296 -3.337871e-01 9.220429e-02 -3.999789e-01 7.982357e-02
216.329407 -5.340140e-01 7.419249e-02 -3.836839e-01 7.161851e-02
216.849518 -8.753892e-01 9.400748e-02 -3.065161e-01 5.760867e-02
217.369629 -9.977838e-01 1.081849e-01 -3.837537e-01 6.355563e-02
217.889740 -1.074971e+00 1.166566e-01 -4.209521e-01 6.787407e-02
218.409851 -1.063887e+00 1.141637e-01 -4.132515e-01 6.415270e-02
218.929962 -8.610776e-01 9.642865e-02 -3.108983e-01 6.883575e-02
219.450073 -4.754644e-01 8.288543e-02 -3.671599e-01 7.822864e-02
219.970184 -2.877258e-01 8.673033e-02 -3.049634e-01 6.881058e-02
220.490295 -9.918126e-02 8.667819e-02 -2.872547e-01 5.575469e-02
221.010406 -4.313040e-02 1.053873e-01 -2.980734e-01 5.681128e-02
221.530518 -7.744586e-02 1.161395e-01 -3.484619e-01 6.549548e-02
222.050629 -3.645478e-02 1.082287e-01 -2.861271e-01 6.880996e-02
222.570740 -2.383488e-01 1.084212e-01 -3.425995e-01 6.848519e-02
223.090851 -4.305011e-01 9.044858e-02 -3.593831e-01 7.736305e-02
223.610962 -7.165279e-01 9.334885e-02 -4.304280e-01 7.457620e-02
224.131073 -7.929657e-01 8.566283e-02 -2.841467e-01 6.455873e-02
224.651184 -1.096090e+00 1.209441e-01 -3.093012e-01 7.235163e-02
225.171295 -1.111759e+00 1.222391e-01 -3.358642e-01 6.986167e-02
225.691406 -9.915751e-01 1.159375e-01 -3.897499e-01 7.101467e-02
226.211517 -6.983535e-01 9.062321e-02 -3.858267e-01 7.066502e-02
226.731628 -4.078400e-01 8.081282e-02 -3.909347e-01 6.914975e-02
227.251740 -1.258776e-01 7.149576e-02 -2.823279e-01 5.944683e-02
227.771851 -1.447140e-01 1.009557e-01 -2.945577e-01 6.155465e-02
228.291962 -6.588648e-02 1.146448e-01 -2.872080e-01 5.726124e-02
228.812073 -2.458367e-01 1.320928e-01 -3.499691e-01 5.908113e-02
229.332184 -3.524758e-01 1.289863e-01 -3.421560e-01 6.542374e-02
229.852295 -4.304006e-01 1.157284e-01 -3.252230e-01 6.218740e-02
230.372406 -4.649319e-01 9.638278e-02 -3.800797e-01 6.879340e-02
230.892517 -6.991211e-01 8.812968e-02 -3.572728e-01 7.163559e-02
231.412628 -1.036000e+00 1.312469e-01 -2.597188e-01 6.595325e-02
231.932739 -1.059683e+00 1.274354e-01 -2.627693e-01 6.445937e-02
232.452850 -1.106261e+00 1.327810e-01 -2.683402e-01 6.256032e-02
232.972961 -1.020438e+00 1.293171e-01 -3.192388e-01 6.237783e-02
233.493073 -6.785943e-01 1.061922e-01 -3.040992e-01 6.299987e-02
234.013184 -3.557321e-01 9.625895e-02 -4.124676e-01 6.958531e-02
234.533295 -2.029696e-01 9.867229e-02 -4.364851e-01 7.919733e-02
235.053406 -1.292830e-01 1.034946e-01 -3.764131e-01 7.717707e-02
235.573517 -2.538154e-01 1.277976e-01 -2.955161e-01 6.369262e-02
236.093628 -2.491321e-01 1.297878e-01 -2.303287e-01 6.164803e-02
236.613739 -3.002260e-01 1.242915e-01 -3.268785e-01 7.523966e-02
237.133850 -3.787510e-01 1.158197e-01 -4.355766e-01 7.523821e-02
237.653961 -6.925982e-01 1.204403e-01 -2.966670e-01 5.809887e-02
238.174072 -8.685855e-01 1.119910e-01 -3.301410e-01 6.259691e-02
238.694183 -9.270126e-01 1.113506e-01 -4.675268e-01 7.414677e-02
239.214294 -1.067817e+00 1.262591e-01 -3.454204e-01 6.723579e-02
239.734406 -1.100502e+00 1.306740e-01 -2.913083e-01 6.205516e-02
240.254517 -9.652097e-01 1.292401e-01 -3.704967e-01 7.057637e-02
240.774628 -7.927512e-01 1.317052e-01 -3.114302e-01 6.572112e-02
241.294739 -4.639597e-01 1.227799e-01 -3.009434e-01 7.473172e-02
241.814850 -1.954609e-01 1.028620e-01 -3.082923e-01 6.376852e-02
242.334961 -2.149615e-01 1.120284e-01 -3.288237e-01 6.797322e-02
242.855072 -1.907818e-01 1.271652e-01 -2.954767e-01 6.601523e-02
243.375183 -2.647951e-01 1.343078e-01 -3.528853e-01 7.116964e-02
243.895294 -3.977716e-01 1.333155e-01 -3.417499e-01 6.514158e-02
244.415405 -4.384405e-01 1.179146e-01 -3.911204e-01 6.517558e-02
244.935516 -5.447893e-01 1.083906e-01 -3.780529e-01 6.949053e-02
245.455627 -8.172136e-01 1.058495e-01 -4.261190e-01 7.996764e-02
245.975739 -1.022449e+00 1.249114e-01 -2.980787e-01 6.247742e-02
246.495850 -1.065395e+00 1.363106e-01 -2.584197e-01 5.718365e-02
247.015961 -1.047989e+00 1.277773e-01 -2.802204e-01 6.009557e-02
247.536072 -8.969305e-01 1.107026e-01 -2.809217e-01 6.409387e-02
248.056183 -6.979122e-01 1.034298e-01 -3.895929e-01 7.584532e-02
248.576294 -4.802409e-01 1.049501e-01 -3.510792e-01 6.676178e-02
249.096405 -2.196293e-01 1.051488e-01 -3.206725e-01 6.107724e-02
249.616516 -1.783507e-01 1.170402e-01 -3.857054e-01 7.621280e-02
250.136627 -1.751813e-01 1.205760e-01 -3.986053e-01 7.600532e-02
250.656738 -1.626701e-01 1.179670e-01 -3.699259e-01 6.189092e-02
251.176849 -1.855450e-01 1.063035e-01 -3.425089e-01 6.812792e-02
251.696960 -2.317545e-01 8.983780e-02 -3.940088e-01 6.682833e-02
252.217072 -5.600754e-01 9.713919e-02 -3.253590e-01 6.156861e-02
252.737183 -7.623614e-01 9.785618e-02 -3.485419e-01 6.740233e-02
253.257294 -9.613577e-01 1.184740e-01 -3.068830e-01 7.406517e-02
253.777405 -1.049085e+00 1.183518e-01 -3.308002e-01 6.908481e-02
254.297516 -9.709227e-01 1.143767e-01 -2.652560e-01 6.091800e-02
254.817627 -8.973603e-01 1.066738e-01 -2.732844e-01 6.597872e-02
255.337738 -7.384750e-01 9.998406e-02 -3.404184e-01 6.909143e-02
255.857849 -4.752501e-01 8.668101e-02 -3.089530e-01 6.919644e-02
256.377655 -2.482570e-01 9.379217e-02 -2.846639e-01 5.715209e-02
256.897369 -2.952055e-01 1.141585e-01 -3.088829e-01 6.225321e-02
257.417084 -2.185161e-01 1.142415e-01 -3.169235e-01 6.641374e-02
257.936798 -2.294455e-01 1.207197e-01 -3.663316e-01 6.878582e-02
258.456512 -2.222487e-01 1.072078e-01 -3.243857e-01 6.712519e-02
258.976227 -2.728727e-01 1.024903e-01 -3.358156e-01 6.525950e-02
259.495941 -3.716290e-01 8.324303e-02 -3.225051e-01 6.655785e-02
260.015656 -5.589927e-01 7.952468e-02 -2.646542e-01 6.260080e-02
260.535370 -8.125871e-01 1.035151e-01 -2.643214e-01 6.376708e-02
261.055084 -9.334884e-01 1.119961e-01 -2.686945e-01 5.959585e-02
261.574799 -9.629641e-01 1.179232e-01 -3.306088e-01 6.444865e-02
262.094513 -9.052292e-01 1.121478e-01 -4.146914e-01 6.748153e-02
262.614227 -7.205464e-01 9.607133e-02 -3.919866e-01 6.781685e-02
263.133942 -5.012670e-01 8.825024e-02 -3.984219e-01 6.543379e-02
263.653656 -2.503114e-01 8.136078e-02 -3.954560e-01 7.037183e-02
264.173370 -3.015115e-01 9.835057e-02 -3.312794e-01 6.782462e-02
264.693085 -2.555942e-01 1.142530e-01 -2.942342e-01 5.902648e-02
265.212799 -2.098035e-01 1.165027e-01 -2.437316e-01 6.074676e-02
265.732513 -2.273583e-01 1.186190e-01 -2.689565e-01 6.576750e-02
266.252228 -2.547597e-01 1.011942e-01 -3.089292e-01 6.441167e-02
266.771942 -3.160510e-01 7.838167e-02 -2.876911e-01 6.619243e-02
267.291656 -4.704480e-01 7.134633e-02 -3.114372e-01 6.283756e-02
267.811371 -7.091068e-01 9.238476e-02 -2.820471e-01 5.707177e-02
268.331085 -9.042742e-01 1.149174e-01 -3.677975e-01 6.124864e-02
268.850800 -9.816015e-01 1.174975e-01 -4.367613e-01 7.787332e-02
269.370514 -9.578210e-01 1.205930e-01 -4.413553e-01 7.416078e-02
269.890228 -8.192928e-01 1.119062e-01 -3.625712e-01 6.319910e-02
270.409943 -5.267505e-01 8.728583e-02 -3.193465e-01 5.857525e-02
270.929657 -2.947183e-01 8.413113e-02 -2.763605e-01 6.481989e-02
271.449371 -2.819131e-01 1.000727e-01 -3.166790e-01 6.479909e-02
271.969086 -2.664702e-01 1.132072e-01 -3.127647e-01 6.989322e-02
272.488800 -2.124575e-01 1.247798e-01 -2.813585e-01 6.662522e-02
273.008514 -2.315846e-01 1.194443e-01 -2.470986e-01 6.110083e-02
273.528229 -2.202270e-01 9.717676e-02 -3.025430e-01 6.872370e-02
274.047943 -3.231780e-01 8.945255e-02 -3.012224e-01 6.298922e-02
274.567657 -5.832118e-01 9.342446e-02 -3.803084e-01 6.893813e-02
275.087372 -7.322833e-01 9.430534e-02 -3.886661e-01 6.834196e-02
275.607086 -8.330757e-01 1.040317e-01 -3.173449e-01 6.084190e-02
276.126801 -9.372159e-01 1.220290e-01 -4.180711e-01 7.099931e-02
276.646515 -9.101530e-01 1.096202e-01 -2.797839e-01 6.367461e-02
277.166229 -8.565329e-01 1.153196e-01 -2.840484e-01 6.270480e-02
277.685944 -6.160930e-01 1.059814e-01 -3.346816e-01 7.484048e-02
278.205658 -3.622587e-01 8.943013e-02 -3.184341e-01 7.065435e-02
278.725372 -2.312706e-01 9.036598e-02 -2.733290e-01 6.117598e-02
279.245087 -2.260576e-01 1.057826e-01 -2.762463e-01 6.191670e-02
279.764801 -2.293185e-01 1.144493e-01 -2.864329e-01 6.959995e-02
280.284515 -2.647320e-01 1.175925e-01 -3.940347e-01 6.872410e-02
280.804230 -3.912399e-01 1.184455e-01 -3.829762e-01 6.397660e-02
281.323944 -3.687903e-01 9.417155e-02 -3.240062e-01 5.647106e-02
281.843658 -5.102834e-01 8.147538e-02 -2.803076e-01 5.879363e-02
282.363373 -6.370674e-01 8.403163e-02 -4.330191e-01 7.082397e-02
282.883087 -7.593310e-01 1.055976e-01 -3.023518e-01 6.367578e-02
283.402802 -9.163143e-01 1.204840e-01 -2.486396e-01 6.196383e-02
283.922516 -9.542328e-01 1.179701e-01 -2.270576e-01 5.656094e-02
284.442230 -8.046117e-01 1.100103e-01 -2.759789e-01 6.140294e-02
284.961945 -6.332309e-01 9.990019e-02 -3.422256e-01 6.653305e-02
285.481659 -3.103230e-01 8.159874e-02 -2.943543e-01 6.169864e-02
286.001373 -2.761681e-01 8.746253e-02 -3.548022e-01 6.193279e-02
286.521088 -2.311103e-01 1.071725e-01 -3.865573e-01 6.644438e-02
287.040802 -2.556187e-01 1.235503e-01 -4.025116e-01 6.500448e-02
287.560516 -2.310867e-01 1.184972e-01 -3.228630e-01 5.791304e-02
288.080231 -3.822711e-01 1.152850e-01 -3.526627e-01 6.529836e-02
288.599945 -3.492367e-01 8.905838e-02 -3.003458e-01 5.976220e-02
289.119659 -4.364760e-01 6.845845e-02 -3.224006e-01 6.886486e-02
289.639374 -6.312681e-01 9.217189e-02 -3.073604e-01 6.982502e-02
290.159088 -8.111340e-01 1.051625e-01 -2.573967e-01 5.824708e-02
290.678802 -9.653726e-01 1.235249e-01 -2.830211e-01 5.803995e-02
291.198517 -9.212111e-01 1.215400e-01 -3.032573e-01 6.364423e-02
291.718231 -7.603760e-01 9.652749e-02 -3.315916e-01 6.604872e-02
292.237946 -5.283275e-01 7.566644e-02 -2.958067e-01 6.342804e-02
292.757660 -3.029370e-01 6.825490e-02 -3.145607e-01 6.388669e-02
293.277374 -2.518682e-01 8.894773e-02 -3.455136e-01 6.438449e-02
293.797089 -2.310608e-01 1.196238e-01 -3.518766e-01 6.410895e-02
294.316803 -1.894974e-01 1.151303e-01 -3.503616e-01 6.651131e-02
294.836517 -2.240256e-01 1.145009e-01 -3.037134e-01 6.510089e-02
295.356232 -2.409883e-01 9.553913e-02 -3.166776e-01 6.601696e-02
295.875946 -2.494196e-01 7.469673e-02 -2.959479e-01 6.005330e-02
296.395660 -4.182810e-01 7.793702e-02 -3.442578e-01 6.613132e-02
296.915375 -6.183481e-01 8.381005e-02 -3.650080e-01 7.490817e-02
297.435089 -8.677001e-01 1.095476e-01 -3.392021e-01 7.180911e-02
297.954803 -1.020736e+00 1.231032e-01 -3.207821e-01 6.554620e-02
298.474518 -9.002953e-01 1.151703e-01 -3.177905e-01 6.078806e-02
298.994232 -7.930567e-01 1.031361e-01 -3.030833e-01 6.382667e-02
299.513947 -5.188283e-01 9.072348e-02 -3.853547e-01 6.831932e-02
300.033661 -2.855339e-01 6.978720e-02 -5.196939e-01 9.095168e-02
300.553375 -2.948168e-01 9.139248e-02 -3.047346e-01 6.485153e-02
301.073090 -2.457218e-01 1.120466e-01 -2.902633e-01 5.895343e-02
301.592804 -2.843031e-01 1.166414e-01 -2.966798e-01 6.039488e-02
302.112518 -3.009481e-01 1.225374e-01 -2.759802e-01 6.734952e-02
302.632233 -2.809944e-01 1.096897e-01 -3.524509e-01 7.999460e-02
303.151947 -2.851970e-01 9.363691e-02 -3.767753e-01 7.388259e-02
303.671661 -3.226897e-01 7.489894e-02 -3.265581e-01 6.850763e-02
304.191376 -5.469206e-01 7.921771e-02 -3.108727e-01 6.187791e-02
304.711090 -6.966487e-01 9.313320e-02 -3.501539e-01 5.955936e-02
305.230804 -9.317090e-01 1.206118e-01 -3.080071e-01 6.231836e-02
305.750519 -1.002272e+00 1.274655e-01 -2.890984e-01 6.405497e-02
306.270233 -9.267375e-01 1.186897e-01 -3.134366e-01 6.888576e-02
306.789948 -6.705795e-01 9.521878e-02 -2.885502e-01 6.022998e-02
307.309662 -3.322762e-01 6.429042e-02 -2.458711e-01 5.947865e-02
307.829376 -2.660671e-01 7.412889e-02 -2.362768e-01 5.629002e-02
308.349091 -2.261417e-01 1.014528e-01 -2.663440e-01 5.544736e-02
308.868805 -2.528271e-01 1.303278e-01 -4.122656e-01 6.980308e-02
309.388519 -2.415728e-01 1.233400e-01 -3.581006e-01 6.528598e-02
309.908234 -3.201754e-01 1.208237e-01 -4.125256e-01 7.036760e-02
310.427948 -3.134809e-01 9.173189e-02 -3.351279e-01 6.255639e-02
310.947662 -2.857217e-01 6.235607e-02 -3.324881e-01 6.195914e-02
311.467377 -5.586930e-01 7.804720e-02 -3.329407e-01 6.375265e-02
311.987091 -8.285317e-01 1.119839e-01 -3.027757e-01 5.687761e-02
312.506805 -1.025811e+00 1.273061e-01 -3.687618e-01 6.801255e-02
313.026520 -9.804776e-01 1.237467e-01 -2.532111e-01 5.325412e-02
313.546234 -8.598914e-01 1.122236e-01 -2.825694e-01 6.752384e-02
314.065948 -5.719349e-01 8.393316e-02 -2.977930e-01 7.303280e-02
314.585663 -3.350556e-01 7.085139e-02 -2.854424e-01 5.902312e-02
315.105377 -2.483972e-01 8.332528e-02 -3.325423e-01 6.230084e-02
315.625092 -2.713240e-01 1.107018e-01 -3.704157e-01 6.769855e-02
316.144806 -2.783430e-01 1.240902e-01 -4.025514e-01 6.581388e-02
316.664520 -2.097416e-01 1.151671e-01 -3.898617e-01 6.294988e-02
317.184235 -2.298062e-01 1.059059e-01 -3.085327e-01 6.246669e-02
317.703949 -2.880681e-01 8.609942e-02 -2.695106e-01 6.186455e-02
318.223663 -3.314480e-01 6.324786e-02 -3.019325e-01 6.581516e-02
318.743378 -6.065124e-01 8.772252e-02 -2.520399e-01 5.952322e-02
319.263092 -8.514673e-01 1.102004e-01 -2.723923e-01 6.106131e-02
319.782806 -1.025241e+00 1.267451e-01 -2.727718e-01 5.850874e-02
320.302521 -9.810998e-01 1.259083e-01 -3.019796e-01 5.788518e-02
320.822235 -8.760582e-01 1.105085e-01 -3.590684e-01 6.402240e-02
321.341949 -5.829610e-01 8.435088e-02 -3.075564e-01 6.008465e-02
321.861664 -3.511680e-01 8.033478e-02 -2.904867e-01 5.903108e-02
322.381378 -3.166876e-01 1.014310e-01 -3.054135e-01 5.671380e-02
322.901093 -2.432480e-01 9.952345e-02 -3.103822e-01 5.889970e-02
323.420807 -2.512728e-01 1.148645e-01 -3.050131e-01 5.886394e-02
323.940521 -2.453331e-01 1.188610e-01 -3.105055e-01 6.512556e-02
324.460236 -2.300984e-01 1.091352e-01 -2.928337e-01 5.744742e-02
324.979950 -2.683326e-01 8.535812e-02 -2.734563e-01 5.644718e-02
325.499664 -3.671388e-01 7.141678e-02 -2.731754e-01 6.223041e-02
326.019379 -5.182196e-01 7.727034e-02 -2.974640e-01 6.343137e-02
326.539093 -7.270015e-01 1.005595e-01 -2.653021e-01 5.777056e-02
327.058807 -9.135222e-01 1.118108e-01 -2.661283e-01 5.372810e-02
327.578522 -9.698773e-01 1.190960e-01 -3.574883e-01 6.021630e-02
328.098236 -8.027129e-01 1.054088e-01 -3.755174e-01 6.616987e-02
328.617950 -6.528284e-01 9.243970e-02 -4.368331e-01 7.192600e-02
329.137665 -3.532417e-01 6.671217e-02 -3.430580e-01 6.357185e-02
329.657379 -2.463363e-01 7.169918e-02 -2.783116e-01 5.576294e-02
330.177094 -2.109917e-01 9.111363e-02 -3.112413e-01 5.769057e-02
330.696808 -2.456704e-01 1.127390e-01 -3.220425e-01 6.186155e-02
331.216522 -2.365541e-01 1.212224e-01 -3.097650e-01 6.439596e-02
331.736237 -2.706405e-01 1.162504e-01 -2.927408e-01 6.198208e-02
332.255951 -3.246820e-01 1.020612e-01 -3.420245e-01 6.237701e-02
332.775665 -2.982168e-01 6.734209e-02 -2.692122e-01 5.315639e-02
333.295380 -3.770075e-01 6.203437e-02 -3.102379e-01 6.061347e-02
333.815094 -6.831157e-01 8.714892e-02 -3.323320e-01 6.166109e-02
334.334808 -8.988643e-01 1.183166e-01 -3.192484e-01 6.142362e-02
334.854523 -1.006156e+00 1.272316e-01 -2.641341e-01 5.434609e-02
335.374237 -8.936550e-01 1.164181e-01 -2.610793e-01 5.303118e-02
335.893951 -7.314252e-01 1.007976e-01 -2.951683e-01 5.767272e-02
336.413666 -4.138221e-01 7.142147e-02 -2.542862e-01 5.384201e-02
336.933380 -2.515683e-01 6.372827e-02 -2.815243e-01 5.821496e-02
337.453094 -2.513679e-01 9.754265e-02 -3.083149e-01 6.617524e-02
337.972809 -3.199851e-01 1.266017e-01 -3.278242e-01 6.704214e-02
338.492523 -2.642123e-01 1.210730e-01 -2.957731e-01 5.921453e-02
339.012238 -2.349648e-01 1.113754e-01 -3.061998e-01 6.376575e-02
339.531952 -2.411706e-01 9.946118e-02 -2.975004e-01 5.685544e-02
340.051666 -2.881909e-01 7.172997e-02 -3.592325e-01 6.351765e-02
340.571381 -3.493088e-01 6.261653e-02 -3.632784e-01 6.491993e-02
341.091095 -5.807117e-01 8.295101e-02 -3.012038e-01 5.994802e-02
341.610809 -8.273532e-01 1.080143e-01 -2.986364e-01 5.448844e-02
342.130524 -9.273874e-01 1.234505e-01 -3.080451e-01 6.344981e-02
342.650238 -9.167616e-01 1.186137e-01 -3.387122e-01 6.476521e-02
343.169952 -6.732001e-01 9.381141e-02 -2.839343e-01 5.944440e-02
343.689667 -4.413516e-01 6.545593e-02 -2.728889e-01 5.925972e-02
344.209381 -2.987747e-01 5.563179e-02 -2.641235e-01 6.476472e-02
344.729095 -2.970545e-01 8.449936e-02 -2.842116e-01 5.702406e-02
345.248810 -2.679564e-01 1.064709e-01 -3.178264e-01 6.470513e-02
345.768524 -3.023316e-01 1.197969e-01 -2.959186e-01 6.014367e-02
346.288239 -2.233713e-01 1.089397e-01 -3.183847e-01 5.729600e-02
346.807953 -2.531403e-01 9.334108e-02 -2.909397e-01 5.814230e-02
347.327667 -2.603463e-01 7.287369e-02 -2.598278e-01 5.615358e-02
347.847382 -2.388272e-01 5.070377e-02 -2.690505e-01 5.836428e-02
348.367096 -5.221766e-01 8.213934e-02 -2.777663e-01 5.558696e-02
348.886810 -7.283191e-01 1.045186e-01 -3.002604e-01 6.267886e-02
349.406525 -8.214012e-01 1.081860e-01 -2.471104e-01 5.508412e-02
349.926239 -8.289973e-01 1.073691e-01 -2.674719e-01 5.146157e-02
350.445953 -7.036213e-01 9.025224e-02 -3.020533e-01 5.822579e-02
350.965668 -4.509582e-01 6.708024e-02 -3.126673e-01 5.568929e-02
351.485382 -3.364965e-01 6.015687e-02 -3.286868e-01 6.031860e-02
352.005096 -2.524704e-01 6.838210e-02 -3.087517e-01 5.749217e-02
352.524811 -2.075655e-01 8.687471e-02 -2.979303e-01 5.378608e-02
353.044525 -1.977974e-01 1.020294e-01 -2.759460e-01 5.706053e-02
353.564240 -2.338040e-01 1.092356e-01 -2.943401e-01 5.380625e-02
354.083954 -2.263945e-01 9.207597e-02 -2.592427e-01 6.152784e-02
354.603668 -3.155130e-01 8.099844e-02 -2.576746e-01 5.991037e-02
355.123383 -2.572396e-01 5.484930e-02 -2.577522e-01 5.301327e-02
355.643097 -4.265588e-01 6.664185e-02 -3.081870e-01 5.744923e-02
356.162811 -5.816535e-01 8.174927e-02 -2.660947e-01 5.517010e-02
356.682526 -7.267935e-01 9.790800e-02 -2.900673e-01 6.238338e-02
357.202240 -7.863096e-01 1.039412e-01 -2.810034e-01 5.613242e-02
357.721954 -7.680091e-01 1.075682e-01 -2.823253e-01 5.651938e-02
358.241669 -5.629271e-01 8.383621e-02 -2.753416e-01 5.966573e-02
358.761383 -3.474262e-01 6.392911e-02 -3.009115e-01 5.809330e-02
359.281097 -2.652431e-01 6.396166e-02 -3.308053e-01 6.293871e-02
359.800812 -2.233617e-01 8.014025e-02 -3.199334e-01 6.309082e-02
360.320526 -2.477959e-01 9.823111e-02 -2.609066e-01 5.425163e-02
360.840240 -2.490405e-01 1.005423e-01 -2.601013e-01 5.751495e-02
361.359955 -2.226635e-01 9.596951e-02 -2.959648e-01 6.750186e-02
361.879669 -2.721775e-01 8.264683e-02 -3.102545e-01 6.293414e-02
362.399384 -3.299232e-01 7.236128e-02 -3.724556e-01 6.993353e-02
362.919098 -4.520029e-01 7.373817e-02 -2.856773e-01 6.091749e-02
363.438812 -5.342783e-01 7.603489e-02 -2.792069e-01 5.450737e-02
363.958527 -7.467470e-01 1.039557e-01 -2.926143e-01 6.424621e-02
364.478241 -8.017494e-01 1.047231e-01 -2.994932e-01 6.019589e-02
364.997955 -7.217598e-01 1.009857e-01 -3.064646e-01 6.364058e-02
365.517670 -5.584723e-01 8.728349e-02 -3.340882e-01 6.156532e-02
366.037384 -3.043186e-01 6.906234e-02 -3.567852e-01 6.963621e-02
366.557098 -2.611542e-01 6.507863e-02 -3.114635e-01 6.137452e-02
367.076813 -2.347582e-01 8.802041e-02 -3.855713e-01 7.245077e-02
367.596527 -3.006248e-01 1.118193e-01 -2.768704e-01 6.260411e-02
368.116241 -2.602701e-01 1.157426e-01 -2.979997e-01 5.946036e-02
368.635956 -2.615198e-01 1.120270e-01 -2.678517e-01 5.588079e-02
369.155670 -3.017095e-01 9.339760e-02 -3.439743e-01 6.551275e-02
369.675385 -2.883530e-01 6.736770e-02 -3.565583e-01 6.357958e-02
370.195099 -4.227993e-01 6.412803e-02 -3.670622e-01 7.212526e-02
370.714813 -5.866016e-01 8.957645e-02 -2.966919e-01 6.086988e-02
371.234528 -8.388553e-01 1.100533e-01 -2.790172e-01 6.067306e-02
371.754242 -8.908815e-01 1.173107e-01 -2.965876e-01 6.119400e-02
372.273956 -8.105674e-01 1.101915e-01 -2.870233e-01 6.302600e-02
372.793671 -6.136530e-01 8.574807e-02 -3.555183e-01 6.532753e-02
373.313385 -4.228283e-01 6.678225e-02 -3.237343e-01 6.323301e-02
373.833099 -3.340760e-01 6.982376e-02 -3.089367e-01 6.508185e-02
374.352814 -2.880572e-01 8.620670e-02 -3.010012e-01 6.356227e-02
374.872528 -3.155537e-01 1.057549e-01 -2.835047e-01 5.830257e-02
375.392242 -2.301567e-01 1.078307e-01 -3.161571e-01 6.202715e-02
375.911957 -2.348925e-01 1.037102e-01 -3.308648e-01 6.135418e-02
376.431671 -2.624350e-01 8.913603e-02 -3.235998e-01 6.310773e-02
376.951385 -2.274939e-01 6.629404e-02 -3.172580e-01 5.826194e-02
377.471100 -3.139820e-01 5.966818e-02 -3.448840e-01 6.283963e-02
377.990814 -4.968325e-01 7.579829e-02 -2.876234e-01 5.576186e-02
378.510529 -6.673922e-01 9.570909e-02 -3.549994e-01 6.699008e-02
379.030243 -8.354017e-01 1.084745e-01 -3.503255e-01 7.162092e-02
379.549957 -7.901617e-01 1.000935e-01 -2.703039e-01 5.972518e-02
380.069672 -6.888398e-01 9.245139e-02 -3.266134e-01 6.148459e-02
380.589386 -4.881672e-01 7.460956e-02 -3.119926e-01 6.831264e-02
381.109100 -2.633171e-01 6.294818e-02 -3.280717e-01 6.310778e-02
381.628815 -3.129893e-01 8.598803e-02 -3.047170e-01 5.849557e-02
382.148529 -2.462970e-01 9.459703e-02 -3.646880e-01 6.516559e-02
382.668243 -3.059873e-01 1.155184e-01 -3.488464e-01 6.535267e-02
383.187958 -2.949812e-01 1.107765e-01 -3.185497e-01 5.915246e-02
383.707672 -2.638033e-01 9.605060e-02 -3.014573e-01 5.826964e-02
384.227386 -2.400694e-01 7.249811e-02 -3.543243e-01 6.718252e-02
384.747101 -2.738733e-01 5.825732e-02 -2.761164e-01 6.454078e-02
385.266815 -4.490178e-01 7.110619e-02 -3.121364e-01 7.099147e-02
385.786530 -6.603449e-01 9.187065e-02 -2.796182e-01 5.698700e-02
386.306244 -8.283384e-01 1.052599e-01 -2.500535e-01 5.778887e-02
386.825958 -8.074769e-01 1.078345e-01 -2.643578e-01 5.524572e-02
387.345673 -7.089529e-01 9.230748e-02 -2.939208e-01 6.084528e-02
387.865387 -4.748333e-01 7.047634e-02 -3.022821e-01 6.150503e-02
388.385101 -3.120097e-01 5.765102e-02 -2.739593e-01 5.694147e-02
388.904816 -2.700681e-01 7.627863e-02 -3.210572e-01 6.003671e-02
389.424530 -2.556017e-01 9.176537e-02 -3.342799e-01 5.849011e-02
389.944244 -2.390101e-01 1.007495e-01 -3.200381e-01 6.383944e-02
390.463959 -2.577059e-01 1.041752e-01 -2.803237e-01 6.188713e-02
390.983673 -2.323301e-01 8.963472e-02 -3.075075e-01 6.068354e-02
391.503387 -2.189763e-01 7.678249e-02 -2.521985e-01 6.182832e-02
392.023102 -2.937531e-01 6.220173e-02 -2.537903e-01 5.996394e-02
392.542816 -4.429899e-01 6.834463e-02 -3.532315e-01 6.860901e-02
393.062531 -6.159999e-01 9.247649e-02 -3.282185e-01 6.271269e-02
393.582245 -7.504956e-01 9.984601e-02 -3.124871e-01 6.382104e-02
394.101959 -7.509086e-01 9.671003e-02 -2.787981e-01 5.582581e-02
394.621674 -6.583048e-01 8.764589e-02 -2.940820e-01 5.828403e-02
395.141388 -5.316887e-01 7.837737e-02 -2.919591e-01 5.824501e-02
395.661102 -2.773179e-01 5.409279e-02 -2.995058e-01 5.838814e-02
396.180817 -2.298103e-01 6.369849e-02 -3.217412e-01 7.005601e-02
396.700531 -2.326201e-01 8.811556e-02 -3.114581e-01 6.332777e-02
397.220245 -2.479126e-01 1.010119e-01 -3.027940e-01 6.367102e-02
397.739960 -2.389708e-01 1.027224e-01 -2.841249e-01 5.509079e-02
398.259674 -2.530547e-01 9.451720e-02 -2.850716e-01 5.561522e-02
398.779388 -3.000460e-01 8.000510e-02 -2.971161e-01 6.188991e-02
399.299103 -2.869504e-01 5.784402e-02 -2.588023e-01 6.125475e-02
399.818817 -3.651848e-01 6.485492e-02 -2.853464e-01 6.162252e-02
400.338531 -5.712287e-01 7.949576e-02 -2.956001e-01 5.890752e-02
400.858246 -7.098504e-01 9.621130e-02 -2.703106e-01 5.320673e-02
401.377960 -7.373474e-01 1.016656e-01 -3.184130e-01 6.025675e-02
401.897675 -6.524428e-01 9.511308e-02 -3.232818e-01 6.299034e-02
402.417389 -5.784050e-01 8.830619e-02 -3.531663e-01 6.245466e-02
402.937103 -2.796306e-01 5.860951e-02 -3.433591e-01 6.110593e-02
403.456818 -2.367926e-01 6.428219e-02 -3.020271e-01 6.049256e-02
403.976532 -2.879386e-01 8.377200e-02 -3.159394e-01 6.112576e-02
404.496246 -2.828788e-01 1.004831e-01 -2.991784e-01 6.497955e-02
405.015961 -2.483900e-01 9.983434e-02 -3.097688e-01 6.447369e-02
405.535675 -2.748251e-01 9.984400e-02 -2.956669e-01 6.438985e-02
406.055389 -2.320678e-01 7.485596e-02 -2.687434e-01 5.377036e-02
406.575104 -3.103553e-01 6.219197e-02 -3.068489e-01 5.962943e-02
407.094818 -3.626035e-01 6.290275e-02 -3.063962e-01 5.756519e-02
407.614532 -6.010880e-01 8.684622e-02 -2.948313e-01 5.725636e-02
408.134247 -7.863588e-01 9.987636e-02 -3.354035e-01 6.598204e-02
408.653961 -7.988204e-01 1.044768e-01 -3.102161e-01 5.597178e-02
409.173676 -7.134168e-01 9.567915e-02 -2.958513e-01 5.854603e-02
409.693390 -5.564399e-01 8.081225e-02 -2.396979e-01 5.763146e-02
410.213104 -3.312370e-01 5.852486e-02 -2.592641e-01 5.855049e-02
410.732819 -2.867485e-01 6.493777e-02 -2.861264e-01 6.325595e-02
411.252533 -2.680331e-01 7.895181e-02 -2.661498e-01 5.575528e-02
411.772247 -2.648986e-01 9.929068e-02 -2.150925e-01 4.763126e-02
412.291962 -2.469455e-01 1.018621e-01 -2.856951e-01 5.542856e-02
412.811676 -2.526600e-01 9.962495e-02 -3.252290e-01 6.246696e-02
413.331390 -2.796771e-01 8.784984e-02 -3.375331e-01 6.011049e-02
413.851105 -2.583340e-01 6.860206e-02 -3.397240e-01 5.876553e-02
414.370819 -2.991204e-01 5.625708e-02 -3.309602e-01 5.648759e-02
414.890533 -4.436226e-01 7.304318e-02 -3.008971e-01 5.653210e-02
415.410248 -6.604955e-01 9.636484e-02 -3.123945e-01 6.295714e-02
415.929962 -7.264293e-01 9.705032e-02 -2.615101e-01 5.924611e-02
416.449677 -7.189170e-01 9.683935e-02 -2.984513e-01 5.713170e-02
416.969391 -6.679881e-01 9.056494e-02 -2.428142e-01 5.068835e-02
417.489105 -4.150798e-01 6.492141e-02 -2.650313e-01 5.511979e-02
418.008820 -2.972022e-01 5.552429e-02 -2.726152e-01 5.410971e-02
418.528534 -2.551274e-01 6.391694e-02 -2.795350e-01 6.245638e-02
419.048248 -2.524373e-01 8.326920e-02 -3.036275e-01 6.055198e-02
419.567963 -2.233946e-01 9.536060e-02 -3.106906e-01 5.528351e-02
420.087677 -2.662318e-01 9.842135e-02 -3.444631e-01 5.995416e-02
420.607391 -2.394952e-01 8.912964e-02 -2.526532e-01 5.323018e-02
421.127106 -2.418775e-01 7.783478e-02 -2.961674e-01 5.816064e-02
421.646820 -3.005590e-01 6.035346e-02 -2.698513e-01 5.333464e-02
422.166534 -3.930930e-01 6.806227e-02 -2.206372e-01 5.093982e-02
422.686249 -5.731725e-01 8.624667e-02 -2.930700e-01 5.794264e-02
423.205963 -7.145503e-01 9.267087e-02 -2.563324e-01 5.886789e-02
423.725677 -7.112361e-01 9.496031e-02 -2.363994e-01 5.823562e-02
424.245392 -6.808221e-01 9.494273e-02 -2.787564e-01 5.420123e-02
424.765106 -5.022573e-01 7.747601e-02 -2.926168e-01 5.701975e-02
425.284821 -3.631057e-01 6.343808e-02 -2.767081e-01 5.556827e-02
425.804535 -2.591284e-01 6.962314e-02 -3.186244e-01 5.655869e-02
426.324249 -2.939066e-01 9.122913e-02 -2.871558e-01 5.458164e-02
426.843964 -2.685360e-01 9.463570e-02 -2.582793e-01 5.381848e-02
427.363678 -3.075137e-01 1.005029e-01 -2.593600e-01 5.441834e-02
427.883392 -2.494479e-01 8.438453e-02 -2.999773e-01 5.657809e-02
428.403107 -2.375974e-01 7.067059e-02 -2.977766e-01 6.405868e-02
428.922821 -2.437088e-01 5.879616e-02 -2.802009e-01 5.683606e-02
429.442535 -4.447471e-01 7.376153e-02 -2.565572e-01 5.189073e-02
429.962250 -6.043721e-01 9.023471e-02 -2.850681e-01 5.367944e-02
430.481964 -6.769678e-01 9.757652e-02 -2.847548e-01 5.416391e-02
431.001678 -6.459703e-01 9.163024e-02 -3.447876e-01 6.300882e-02
431.521393 -6.359201e-01 8.986382e-02 -3.152794e-01 5.699729e-02
432.041107 -5.261191e-01 7.669383e-02 -3.105282e-01 5.480424e-02
432.560822 -3.498085e-01 5.624213e-02 -2.667712e-01 5.582451e-02
433.080536 -2.804499e-01 6.075252e-02 -3.021333e-01 5.573313e-02
433.600250 -2.796615e-01 7.760556e-02 -3.021878e-01 6.040380e-02
434.119965 -2.995848e-01 8.848040e-02 -2.493598e-01 5.681065e-02
434.639679 -2.172817e-01 9.081310e-02 -2.455177e-01 5.961968e-02
435.159393 -2.144065e-01 8.516769e-02 -2.772102e-01 6.028893e-02
435.679108 -2.296857e-01 7.833973e-02 -2.726404e-01 5.657997e-02
436.198822 -2.259921e-01 5.886812e-02 -3.056578e-01 5.944889e-02
436.718536 -3.207621e-01 5.738922e-02 -3.609756e-01 6.284048e-02
437.238251 -4.677330e-01 6.896099e-02 -3.138721e-01 6.240270e-02
437.757965 -5.612544e-01 7.718678e-02 -3.158832e-01 6.705675e-02
438.277679 -6.658626e-01 9.010054e-02 -3.351450e-01 6.535117e-02
438.797394 -7.457204e-01 9.505542e-02 -2.967843e-01 5.517782e-02
439.317108 -6.426189e-01 9.069090e-02 -2.563840e-01 5.239512e-02
439.836823 -4.183730e-01 6.817125e-02 -2.967603e-01 5.755604e-02
440.356537 -2.759969e-01 5.733659e-02 -2.931056e-01 5.969210e-02
440.876251 -2.503327e-01 6.565046e-02 -3.272497e-01 6.516143e-02
441.395966 -1.969610e-01 7.635412e-02 -2.665903e-01 5.661561e-02
441.915680 -2.450698e-01 9.375889e-02 -2.364210e-01 5.550294e-02
442.435394 -3.163543e-01 9.996220e-02 -2.636715e-01 5.200323e-02
442.955109 -2.425298e-01 8.654220e-02 -2.788893e-01 6.149275e-02
443.474823 -2.569289e-01 7.485694e-02 -3.984091e-01 7.670672e-02
443.994537 -2.627462e-01 5.516021e-02 -3.349028e-01 6.021713e-02
444.514252 -4.414488e-01 7.008465e-02 -2.644946e-01 5.283938e-02
445.033966 -6.575571e-01 8.768962e-02 -2.909905e-01 5.416582e-02
445.553680 -7.028772e-01 9.445645e-02 -3.499874e-01 6.469510e-02
446.073395 -7.074031e-01 9.491839e-02 -3.484544e-01 6.362525e-02
446.593109 -6.311759e-01 9.179361e-02 -2.822852e-01 5.634657e-02
447.112823 -4.041171e-01 7.002282e-02 -2.540209e-01 5.623684e-02
447.632538 -2.649060e-01 5.177920e-02 -3.232986e-01 6.142306e-02
448.152252 -2.465819e-01 6.511327e-02 -2.652254e-01 5.402390e-02
448.671967 -2.561804e-01 8.821665e-02 -2.845627e-01 6.495471e-02
449.191681 -2.835638e-01 1.022138e-01 -2.927031e-01 5.734550e-02
449.711395 -2.445942e-01 9.398975e-02 -2.614172e-01 5.401274e-02
450.231110 -2.655013e-01 8.056656e-02 -2.833660e-01 5.185948e-02
450.750824 -2.357905e-01 5.946345e-02 -2.932015e-01 5.365322e-02
451.270538 -2.321676e-01 6.100354e-02 -3.209994e-01 5.908085e-02
451.790253 -4.578968e-01 7.311271e-02 -3.150117e-01 6.458697e-02
452.309967 -5.801100e-01 8.326086e-02 -3.191301e-01 6.024014e-02
452.829681 -6.174488e-01 8.780049e-02 -2.638784e-01 5.289570e-02
453.349396 -5.823171e-01 8.753002e-02 -2.186650e-01 5.711148e-02
453.869110 -4.556219e-01 6.872630e-02 -2.403884e-01 5.518839e-02
454.388824 -3.808770e-01 6.333749e-02 -2.580368e-01 5.961488e-02
454.908539 -2.764281e-01 5.428664e-02 -2.809310e-01 5.927048e-02
455.428253 -2.705510e-01 6.898858e-02 -3.739614e-01 6.719702e-02
455.947968 -2.812953e-01 7.953700e-02 -3.623950e-01 6.639306e-02
456.467682 -3.450741e-01 9.407244e-02 -3.269315e-01 5.638908e-02
456.987396 -2.283458e-01 7.986061e-02 -3.297146e-01 6.658657e-02
457.507111 -2.541752e-01 7.835802e-02 -3.083688e-01 5.594305e-02
458.026825 -2.254539e-01 5.765959e-02 -2.602108e-01 5.159571e-02
458.546539 -2.402944e-01 5.455218e-02 -2.497050e-01 5.348462e-02
459.066254 -4.064360e-01 6.807286e-02 -2.709466e-01 6.209219e-02
459.585968 -4.767821e-01 7.410862e-02 -2.472518e-01 5.353879e-02
460.105682 -5.643088e-01 7.831986e-02 -2.423538e-01 5.155194e-02
460.625397 -5.185128e-01 7.360552e-02 -2.852457e-01 5.926404e-02
461.145111 -4.315273e-01 6.907164e-02 -2.456318e-01 5.609344e-02
461.664825 -3.603542e-01 6.007565e-02 -3.001652e-01 6.164762e-02
462.184540 -2.536265e-01 5.358031e-02 -3.137722e-01 6.411415e-02
462.704254 -2.340116e-01 6.085701e-02 -3.503100e-01 6.563661e-02
463.223969 -2.073499e-01 6.686869e-02 -3.256049e-01 5.725511e-02
463.743683 -2.307622e-01 7.817833e-02 -3.336223e-01 5.661090e-02
464.263397 -2.262116e-01 7.876689e-02 -3.323044e-01 5.891786e-02
464.783112 -2.950857e-01 7.973931e-02 -3.510680e-01 6.510808e-02
465.302826 -2.423682e-01 6.187956e-02 -2.686370e-01 5.382330e-02
465.822540 -2.834249e-01 5.019792e-02 -2.594563e-01 5.457173e-02
466.342255 -3.716431e-01 6.005508e-02 -2.241208e-01 5.355165e-02
466.861969 -5.395955e-01 7.810240e-02 -2.731596e-01 6.650525e-02
467.381683 -6.109777e-01 8.222982e-02 -2.110070e-01 5.690257e-02
467.901398 -6.575536e-01 8.938922e-02 -2.510688e-01 5.816846e-02
468.421112 -5.721600e-01 8.322282e-02 -2.500724e-01 5.421935e-02
468.940826 -3.976904e-01 7.135464e-02 -2.434607e-01 4.995802e-02
469.460541 -2.251283e-01 5.403510e-02 -2.891010e-01 5.979998e-02
469.980255 -2.262382e-01 6.487690e-02 -3.419760e-01 6.541892e-02
470.499969 -2.415487e-01 7.797243e-02 -3.472009e-01 5.910968e-02
471.019684 -2.741597e-01 8.728804e-02 -3.332304e-01 6.567331e-02
471.539398 -2.756392e-01 8.640288e-02 -2.768976e-01 4.960027e-02
472.059113 -2.859413e-01 8.080179e-02 -2.915747e-01 5.380851e-02
472.578827 -2.475460e-01 5.562748e-02 -2.573855e-01 6.088484e-02
473.098541 -2.983795e-01 5.946844e-02 -2.679343e-01 5.823142e-02
473.618256 -4.341655e-01 6.735167e-02 -2.096511e-01 5.470648e-02
474.137970 -6.561270e-01 9.117834e-02 -2.899321e-01 6.158505e-02
474.657684 -7.307160e-01 1.015552e-01 -2.738923e-01 5.543572e-02
475.177399 -6.589527e-01 8.909352e-02 -2.683415e-01 5.319847e-02
475.697113 -3.769541e-01 6.174936e-02 -3.500899e-01 6.351887e-02
476.216827 -2.528173e-01 5.303078e-02 -3.097456e-01 6.000636e-02
476.736542 -2.395206e-01 6.316212e-02 -3.157674e-01 5.978266e-02
477.256256 -2.160527e-01 8.129720e-02 -2.803456e-01 5.475156e-02
477.775970 -2.634820e-01 9.257564e-02 -3.042935e-01 5.425740e-02
478.295685 -2.565643e-01 8.988518e-02 -2.712238e-01 5.406294e-02
478.815399 -2.953501e-01 7.974955e-02 -3.016064e-01 5.921264e-02
479.335114 -2.278411e-01 5.716573e-02 -2.656242e-01 5.522655e-02
479.854828 -2.332732e-01 5.042487e-02 -2.390506e-01 4.948267e-02
480.374542 -3.835261e-01 6.375355e-02 -2.365033e-01 5.405999e-02
480.894257 -5.241752e-01 7.712279e-02 -2.713188e-01 5.613745e-02
481.413971 -6.023169e-01 8.428672e-02 -3.073913e-01 6.057530e-02
481.933685 -5.522274e-01 7.862011e-02 -2.741915e-01 5.300428e-02
482.453400 -4.651881e-01 6.980481e-02 -2.949073e-01 5.873066e-02
482.973114 -3.253869e-01 5.488260e-02 -3.589914e-01 6.140254e-02
483.492828 -2.822281e-01 5.922391e-02 -3.130210e-01 6.170083e-02
484.012543 -2.690584e-01 6.638692e-02 -2.782166e-01 5.233125e-02
484.532257 -2.434623e-01 6.987550e-02 -2.580003e-01 5.243970e-02
485.051971 -2.546767e-01 7.946070e-02 -2.636210e-01 5.988730e-02
485.571686 -2.448773e-01 8.176475e-02 -2.789725e-01 6.208777e-02
486.091400 -2.349565e-01 6.966941e-02 -2.251334e-01 5.138177e-02
486.611115 -2.255907e-01 5.536247e-02 -2.423517e-01 5.353325e-02
487.130829 -2.643432e-01 5.614614e-02 -2.752070e-01 5.594013e-02
487.650543 -3.450680e-01 6.077928e-02 -3.299196e-01 6.607743e-02
488.170258 -5.224253e-01 7.565229e-02 -3.553798e-01 6.140808e-02
488.689972 -6.533475e-01 8.816340e-02 -3.602396e-01 6.012161e-02
489.209686 -4.825857e-01 7.268974e-02 -3.187718e-01 5.477971e-02
489.729401 -4.403059e-01 6.568887e-02 -3.215092e-01 5.680545e-02
490.249115 -3.290292e-01 5.490336e-02 -2.757239e-01 6.264760e-02
490.768829 -2.799759e-01 5.713892e-02 -2.944945e-01 6.762511e-02
491.288544 -2.572424e-01 5.571458e-02 -2.403032e-01 5.747401e-02
491.808258 -3.166971e-01 7.193680e-02 -2.623070e-01 6.181922e-02
492.327972 -2.704091e-01 7.329193e-02 -2.139433e-01 5.237548e-02
492.847687 -2.000818e-01 7.276390e-02 -2.835653e-01 6.136679e-02
493.367401 -2.488346e-01 7.609700e-02 -2.727154e-01 6.119309e-02
493.887115 -2.064623e-01 5.576365e-02 -3.293407e-01 6.209649e-02
494.406830 -2.395492e-01 4.874641e-02 -3.439187e-01 6.072793e-02
494.926544 -3.336442e-01 6.003370e-02 -3.257046e-01 5.365245e-02
495.446259 -4.447538e-01 6.853119e-02 -3.485602e-01 5.680076e-02
495.965973 -4.563498e-01 6.525389e-02 -3.581063e-01 6.029624e-02
496.485687 -4.782166e-01 6.777965e-02 -3.139446e-01 6.567606e-02
497.005402 -5.120243e-01 7.390148e-02 -2.386738e-01 6.288562e-02
497.525116 -4.011415e-01 6.506139e-02 -2.539754e-01 5.642433e-02
498.044830 -2.584283e-01 5.837254e-02 -2.197590e-01 5.166432e-02
498.564545 -1.929873e-01 5.659552e-02 -2.340209e-01 5.272513e-02
499.084259 -2.081723e-01 6.379006e-02 -3.328007e-01 6.499850e-02
499.603973 -2.077471e-01 7.481844e-02 -2.806311e-01 6.127797e-02
500.003754 -2.560100e-01 8.097347e-02 -2.321331e-01 5.008889e-02
