Generating initial conditions for new run at t=0
Finished initial conditions
2.089999
13.430118
24.890379
37.250660
48.970928
60.331188
72.489845
84.827774
97.485649
109.763588
121.461624
132.601517
145.084183
157.046738
169.229340
181.491959
193.974625
204.376846
214.619034
224.661179
234.623306
244.785477
254.827621
265.102875
273.498260
282.733185
292.767670
302.682220
313.096497
322.911102
333.305389
343.379852
353.834106
363.968536
373.843109
384.097473
394.371826
404.506256
414.900543
425.014984
435.169403
445.523712
455.598175
465.512726
475.187408
482.743256
490.538971
498.574554
Saving final data
LATTICEEASY program finished
