0.000000
0.520000
1.040000
1.559999
2.079999
2.599998
3.119998
3.639997
4.159997
4.679996
5.199996
5.719995
6.239995
6.759994
7.279994
7.799993
8.320001
8.840013
9.360024
9.880036
10.400048
10.920060
11.440072
11.960084
12.480096
13.000108
13.520120
14.040132
14.560143
15.080155
15.600167
16.120178
16.640190
17.160202
17.680214
18.200226
18.720238
19.240250
19.760262
20.280273
20.800285
21.320297
21.840309
22.360321
22.880333
23.400345
23.920357
24.440369
24.960381
25.480392
26.000404
26.520416
27.040428
27.560440
28.080452
28.600464
29.120476
29.640488
30.160500
30.680511
31.200523
31.720535
32.240547
32.760559
33.280571
33.800583
34.320595
34.840607
35.360619
35.880630
36.400642
36.920654
37.440666
37.960678
38.480690
39.000702
39.520714
40.040726
40.560738
41.080750
41.600761
42.120773
42.640785
43.160797
43.680809
44.200821
44.720833
45.240845
45.760857
46.280869
46.800880
47.320892
47.840904
48.360916
48.880928
49.400940
49.920952
50.440964
50.960976
51.480988
52.000999
52.521011
53.041023
53.561035
54.081047
54.601059
55.121071
55.641083
56.161095
56.681107
57.201118
57.721130
58.241142
58.761154
59.281166
59.801178
60.321190
60.841202
61.361214
61.881226
62.401237
62.921249
63.441261
63.961273
64.481186
65.001099
65.521011
66.040924
66.560837
67.080750
67.600662
68.120575
68.640488
69.160400
69.680313
70.200226
70.720139
71.240051
71.759964
72.279877
72.799789
73.319702
73.839615
74.359528
74.879440
75.399353
75.919266
76.439178
76.959091
77.479004
77.998917
78.518829
79.038742
79.558655
80.078568
80.598480
81.118393
81.638306
82.158218
82.678131
83.198044
83.717957
84.237869
84.757782
85.277695
85.797607
86.317520
86.837433
87.357346
87.877258
88.397171
88.917084
89.436996
89.956909
90.476822
90.996735
91.516647
92.036560
92.556473
93.076385
93.596298
94.116211
94.636124
95.156036
95.675949
96.195862
96.715775
97.235687
97.755600
98.275513
98.795425
99.315338
99.835251
100.355164
100.875076
101.394989
101.914902
102.434814
102.954727
103.474640
103.994553
104.514465
105.034378
105.554291
106.074203
106.594116
107.114029
107.633942
108.153854
108.673767
109.193680
109.713593
110.233505
110.753418
111.273331
111.793243
112.313156
112.833069
113.352982
113.872894
114.392807
114.912720
115.432632
115.952545
116.472458
116.992371
117.512283
118.032196
118.552109
119.072021
119.591934
120.111847
120.631760
121.151672
121.671585
122.191498
122.711411
123.231323
123.751236
124.271149
124.791061
125.310974
125.830887
126.350800
126.870712
127.390625
127.910538
128.430634
128.950745
129.470856
129.990967
130.511078
131.031189
131.551300
132.071411
132.591522
133.111633
133.631744
134.151855
134.671967
135.192078
135.712189
136.232300
136.752411
137.272522
137.792633
138.312744
138.832855
139.352966
139.873077
140.393188
140.913300
141.433411
141.953522
142.473633
142.993744
143.513855
144.033966
144.554077
145.074188
145.594299
146.114410
146.634521
147.154633
147.674744
148.194855
148.714966
149.235077
149.755188
150.275299
150.795410
151.315521
151.835632
152.355743
152.875854
153.395966
153.916077
154.436188
154.956299
155.476410
155.996521
156.516632
157.036743
157.556854
158.076965
158.597076
159.117188
159.637299
160.157410
160.677521
161.197632
161.717743
162.237854
162.757965
163.278076
163.798187
164.318298
164.838409
165.358521
165.878632
166.398743
166.918854
167.438965
167.959076
168.479187
168.999298
169.519409
170.039520
170.559631
171.079742
171.599854
172.119965
172.640076
173.160187
173.680298
174.200409
174.720520
175.240631
175.760742
176.280853
176.800964
177.321075
177.841187
178.361298
178.881409
179.401520
179.921631
180.441742
180.961853
181.481964
182.002075
182.522186
183.042297
183.562408
184.082520
184.602631
185.122742
185.642853
186.162964
186.683075
187.203186
187.723297
188.243408
188.763519
189.283630
189.803741
190.323853
190.843964
191.364075
191.884186
192.404297
192.924408
193.444519
193.964630
194.484741
195.004852
195.524963
196.045074
196.565186
197.085297
197.605408
198.125519
198.645630
199.165741
199.685852
200.205963
200.726074
201.246185
201.766296
202.286407
202.806519
203.326630
203.846741
204.366852
204.886963
205.407074
205.927185
206.447296
206.967407
207.487518
208.007629
208.527740
209.047852
209.567963
210.088074
210.608185
211.128296
211.648407
212.168518
212.688629
213.208740
213.728851
214.248962
214.769073
215.289185
215.809296
216.329407
216.849518
217.369629
217.889740
218.409851
218.929962
219.450073
219.970184
220.490295
221.010406
221.530518
222.050629
222.570740
223.090851
223.610962
224.131073
224.651184
225.171295
225.691406
226.211517
226.731628
227.251740
227.771851
228.291962
228.812073
229.332184
229.852295
230.372406
230.892517
231.412628
231.932739
232.452850
232.972961
233.493073
234.013184
234.533295
235.053406
235.573517
236.093628
236.613739
237.133850
237.653961
238.174072
238.694183
239.214294
239.734406
240.254517
240.774628
241.294739
241.814850
242.334961
242.855072
243.375183
243.895294
244.415405
244.935516
245.455627
245.975739
246.495850
247.015961
247.536072
248.056183
248.576294
249.096405
249.616516
250.136627
250.656738
251.176849
251.696960
252.217072
252.737183
253.257294
253.777405
254.297516
254.817627
255.337738
255.857849
256.377655
256.897369
257.417084
257.936798
258.456512
258.976227
259.495941
260.015656
260.535370
261.055084
261.574799
262.094513
262.614227
263.133942
263.653656
264.173370
264.693085
265.212799
265.732513
266.252228
266.771942
267.291656
267.811371
268.331085
268.850800
269.370514
269.890228
270.409943
270.929657
271.449371
271.969086
272.488800
273.008514
273.528229
274.047943
274.567657
275.087372
275.607086
276.126801
276.646515
277.166229
277.685944
278.205658
278.725372
279.245087
279.764801
280.284515
280.804230
281.323944
281.843658
282.363373
282.883087
283.402802
283.922516
284.442230
284.961945
285.481659
286.001373
286.521088
287.040802
287.560516
288.080231
288.599945
289.119659
289.639374
290.159088
290.678802
291.198517
291.718231
292.237946
292.757660
293.277374
293.797089
294.316803
294.836517
295.356232
295.875946
296.395660
296.915375
297.435089
297.954803
298.474518
298.994232
299.513947
300.033661
300.553375
301.073090
301.592804
302.112518
302.632233
303.151947
303.671661
304.191376
304.711090
305.230804
305.750519
306.270233
306.789948
307.309662
307.829376
308.349091
308.868805
309.388519
309.908234
310.427948
310.947662
311.467377
311.987091
312.506805
313.026520
313.546234
314.065948
314.585663
315.105377
315.625092
316.144806
316.664520
317.184235
317.703949
318.223663
318.743378
319.263092
319.782806
320.302521
320.822235
321.341949
321.861664
322.381378
322.901093
323.420807
323.940521
324.460236
324.979950
325.499664
326.019379
326.539093
327.058807
327.578522
328.098236
328.617950
329.137665
329.657379
330.177094
330.696808
331.216522
331.736237
332.255951
332.775665
333.295380
333.815094
334.334808
334.854523
335.374237
335.893951
336.413666
336.933380
337.453094
337.972809
338.492523
339.012238
339.531952
340.051666
340.571381
341.091095
341.610809
342.130524
342.650238
343.169952
343.689667
344.209381
344.729095
345.248810
345.768524
346.288239
346.807953
347.327667
347.847382
348.367096
348.886810
349.406525
349.926239
350.445953
350.965668
351.485382
352.005096
352.524811
353.044525
353.564240
354.083954
354.603668
355.123383
355.643097
356.162811
356.682526
357.202240
357.721954
358.241669
358.761383
359.281097
359.800812
360.320526
360.840240
361.359955
361.879669
362.399384
362.919098
363.438812
363.958527
364.478241
364.997955
365.517670
366.037384
366.557098
367.076813
367.596527
368.116241
368.635956
369.155670
369.675385
370.195099
370.714813
371.234528
371.754242
372.273956
372.793671
373.313385
373.833099
374.352814
374.872528
375.392242
375.911957
376.431671
376.951385
377.471100
377.990814
378.510529
379.030243
379.549957
380.069672
380.589386
381.109100
381.628815
382.148529
382.668243
383.187958
383.707672
384.227386
384.747101
385.266815
385.786530
386.306244
386.825958
387.345673
387.865387
388.385101
388.904816
389.424530
389.944244
390.463959
390.983673
391.503387
392.023102
392.542816
393.062531
393.582245
394.101959
394.621674
395.141388
395.661102
396.180817
396.700531
397.220245
397.739960
398.259674
398.779388
399.299103
399.818817
400.338531
400.858246
401.377960
401.897675
402.417389
402.937103
403.456818
403.976532
404.496246
405.015961
405.535675
406.055389
406.575104
407.094818
407.614532
408.134247
408.653961
409.173676
409.693390
410.213104
410.732819
411.252533
411.772247
412.291962
412.811676
413.331390
413.851105
414.370819
414.890533
415.410248
415.929962
416.449677
416.969391
417.489105
418.008820
418.528534
419.048248
419.567963
420.087677
420.607391
421.127106
421.646820
422.166534
422.686249
423.205963
423.725677
424.245392
424.765106
425.284821
425.804535
426.324249
426.843964
427.363678
427.883392
428.403107
428.922821
429.442535
429.962250
430.481964
431.001678
431.521393
432.041107
432.560822
433.080536
433.600250
434.119965
434.639679
435.159393
435.679108
436.198822
436.718536
437.238251
437.757965
438.277679
438.797394
439.317108
439.836823
440.356537
440.876251
441.395966
441.915680
442.435394
442.955109
443.474823
443.994537
444.514252
445.033966
445.553680
446.073395
446.593109
447.112823
447.632538
448.152252
448.671967
449.191681
449.711395
450.231110
450.750824
451.270538
451.790253
452.309967
452.829681
453.349396
453.869110
454.388824
454.908539
455.428253
455.947968
456.467682
456.987396
457.507111
458.026825
458.546539
459.066254
459.585968
460.105682
460.625397
461.145111
461.664825
462.184540
462.704254
463.223969
463.743683
464.263397
464.783112
465.302826
465.822540
466.342255
466.861969
467.381683
467.901398
468.421112
468.940826
469.460541
469.980255
470.499969
471.019684
471.539398
472.059113
472.578827
473.098541
473.618256
474.137970
474.657684
475.177399
475.697113
476.216827
476.736542
477.256256
477.775970
478.295685
478.815399
479.335114
479.854828
480.374542
480.894257
481.413971
481.933685
482.453400
482.973114
483.492828
484.012543
484.532257
485.051971
485.571686
486.091400
486.611115
487.130829
487.650543
488.170258
488.689972
489.209686
489.729401
490.249115
490.768829
491.288544
491.808258
492.327972
492.847687
493.367401
493.887115
494.406830
494.926544
495.446259
495.965973
496.485687
497.005402
497.525116
498.044830
498.564545
499.084259
499.603973
500.003754
